0 10
1 6
2 10
3 10
4 9
5 3
6 1
7 10
8 0
9 9
10 5
11 3
12 1
13 11
14 5
15 8
16 7
17 6
18 9
19 11
20 10
21 11
22 7
23 3
24 0
25 2
26 1
27 0
28 7
29 6
30 6
31 3
32 3
33 5
34 11
35 9
36 7
37 12
38 8
39 10
40 1
41 9
42 1
43 9
44 12
45 11
46 12
47 12
48 4
49 8
50 8
51 9
52 11
53 9
54 4
55 0
56 11
57 5
58 2
59 3
60 1
61 11
62 5
63 8
64 4
65 3
66 9
67 9
68 1
69 0
70 2
71 2
72 0
73 3
74 0
75 11
76 1
77 9
78 0
79 7
80 5
81 11
82 3
83 11
84 11
85 11
86 7
87 10
88 8
89 4
90 4
91 10
92 12
93 5
94 5
95 0
96 3
97 3
98 2
99 10
100 0
101 11
102 8
103 5
104 9
105 5
106 2
107 6
108 11
109 1
110 8
111 7
112 6
113 8
114 2
115 0
116 1
117 4
118 7
119 11
120 7
121 3
122 7
123 9
124 5
125 5
126 4
127 12
128 2
129 3
130 8
131 11
132 2
133 0
134 0
135 12
136 12
137 4
138 9
139 3
140 1
141 2
142 6
143 12
144 7
145 8
146 5
147 0
148 0
149 1
150 0
151 0
152 11
153 10
154 9
155 12
156 8
157 12
158 1
159 7
160 3
161 0
162 6
163 2
164 7
165 1
166 1
167 10
168 8
169 12
170 11
171 2
172 8
173 0
174 12
175 1
176 1
177 4
178 9
179 4
180 5
181 11
182 1
183 6
184 1
185 3
186 4
187 9
188 7
189 4
190 5
191 9
192 9
193 2
194 5
195 0
196 5
197 11
198 10
199 10
200 8
201 3
202 11
203 10
204 7
205 10
206 3
207 8
208 4
209 3
210 10
211 5
212 1
213 4
214 7
215 6
216 12
217 11
218 4
219 8
220 8
221 3
222 12
223 12
224 8
225 7
226 2
227 5
228 0
229 11
230 1
231 10
232 5
233 1
234 9
235 6
236 12
237 5
238 4
239 11
240 10
241 0
242 1
243 5
244 0
245 1
246 4
247 3
248 2
249 1
250 4
251 7
252 4
253 2
254 8
255 11
256 0
257 8
258 10
259 2
260 9
261 2
262 3
263 3
264 5
265 1
266 10
267 8
268 11
269 1
270 0
271 0
272 1
273 4
274 0
275 4
276 9
277 1
278 11
279 1
280 12
281 2
282 2
283 8
284 6
285 4
286 9
287 1
288 12
289 7
290 5
291 11
292 10
293 10
294 8
295 10
296 12
297 8
298 9
299 7
300 1
301 1
302 1
303 10
304 8
305 0
306 12
307 4
308 10
309 1
310 1
311 9
312 11
313 11
314 5
315 7
316 8
317 5
318 7
319 7
320 2
321 8
322 10
323 0
324 4
325 10
326 0
327 5
328 6
329 12
330 1
331 3
332 6
333 2
334 6
335 12
336 2
337 5
338 1
339 2
340 3
341 9
342 9
343 8
344 6
345 11
346 0
347 3
348 4
349 12
350 1
351 0
352 11
353 0
354 2
355 6
356 0
357 8
358 7
359 6
360 9
361 10
362 12
363 0
364 5
365 11
366 1
367 4
368 6
369 9
370 2
371 4
372 10
373 9
374 2
375 3
376 3
377 6
378 7
379 12
380 5
381 6
382 6
383 2
384 7
385 0
386 7
387 7
388 2
389 3
390 3
391 8
392 11
393 8
394 1
395 1
396 1
397 1
398 1
399 1
