0 5
1 2
2 7
3 1
4 6
5 4
6 4
7 8
8 0
9 4
10 6
11 7
12 11
13 2
14 5
15 11
16 9
17 2
18 8
19 6
20 1
21 5
22 11
23 7
24 7
25 8
26 5
27 5
28 6
29 4
30 3
31 7
32 0
33 8
34 9
35 1
36 7
37 4
38 3
39 1
40 4
41 0
42 10
43 9
44 8
45 4
46 4
47 0
48 4
49 2
50 6
51 10
52 1
53 0
54 3
55 4
56 10
57 5
58 8
59 3
60 5
61 10
62 6
63 8
64 4
65 10
66 7
67 8
68 3
69 3
70 10
71 0
72 4
73 2
74 9
75 4
76 6
77 9
78 9
79 3
80 9
81 11
82 9
83 3
84 5
85 6
86 8
87 3
88 3
89 10
90 10
91 5
92 3
93 9
94 11
95 0
96 3
97 7
98 7
99 11
100 0
101 10
102 4
103 3
104 1
105 5
106 4
107 0
108 7
109 5
110 3
111 2
112 9
113 0
114 4
115 10
116 8
117 10
118 6
119 4
120 3
121 4
122 6
123 10
124 5
125 6
126 0
127 10
128 5
129 3
130 8
131 4
132 0
133 3
134 1
135 11
136 9
137 3
138 6
139 3
140 2
141 8
142 0
143 1
144 3
145 1
146 0
147 1
148 2
149 4
150 0
151 3
152 1
153 11
154 8
155 10
156 0
157 0
158 0
159 10
160 0
161 4
162 0
163 8
164 6
165 1
166 1
167 2
168 1
169 6
170 6
171 11
172 9
173 9
174 2
175 4
176 4
177 9
178 4
179 0
180 7
181 9
182 4
183 0
184 7
185 11
186 4
187 8
188 0
189 2
190 9
191 6
192 6
193 10
194 0
195 11
196 3
197 7
198 0
199 7
200 6
201 4
202 5
203 7
204 1
205 4
206 5
207 11
208 8
209 2
210 9
211 5
212 10
213 2
214 11
215 5
216 5
217 0
218 3
219 8
220 6
221 11
222 5
223 7
224 11
225 10
226 3
227 11
228 8
229 10
230 10
231 4
232 11
233 3
234 8
235 0
236 4
237 6
238 6
239 9
240 11
241 7
242 6
243 2
244 2
245 1
246 8
247 10
248 0
249 2
250 11
251 5
252 2
253 1
254 1
255 3
256 10
257 7
258 8
259 9
260 7
261 10
262 7
263 11
264 11
265 2
266 9
267 7
268 5
269 10
270 6
271 2
272 1
273 11
274 10
275 5
276 2
277 1
278 2
279 5
280 7
281 7
282 2
283 2
284 1
285 11
286 9
287 7
288 3
289 8
290 11
291 8
292 8
293 11
294 1
295 5
296 9
297 3
298 9
299 5
300 7
301 9
302 1
303 3
304 10
305 11
306 3
307 8
308 7
309 9
310 7
311 1
312 7
313 1
314 11
315 7
316 6
317 4
318 7
319 0
320 1
321 6
322 2
323 1
324 10
325 9
326 11
327 5
328 1
329 5
330 9
331 8
332 8
333 6
334 3
335 8
336 5
337 2
338 2
339 10
340 5
341 9
342 9
343 2
344 3
345 6
346 10
347 2
348 0
349 6
350 2
351 11
352 6
353 2
354 2
355 8
356 9
357 9
358 0
359 1
360 11
361 1
362 8
363 11
364 4
365 5
366 9
367 1
368 8
369 5
370 1
371 7
372 2
373 8
374 7
375 10
376 6
377 11
378 5
379 10
380 6
381 6
382 0
383 10
