0 384
1 391
2 391
3 399
4 397
5 369
6 384
7 390
8 8
9 397
10 384
11 384
12 354
13 354
14 390
15 384
16 261
17 391
18 399
19 354
20 384
21 313
22 391
23 391
24 391
25 391
26 354
27 391
28 384
29 399
30 384
31 391
32 354
33 391
34 390
35 384
36 384
37 50
38 399
39 354
40 384
41 397
42 85
43 384
44 391
45 45
46 384
47 8
48 48
49 391
50 50
51 161
52 354
53 397
54 345
55 397
56 146
57 390
58 384
59 390
60 391
61 391
62 391
63 390
64 286
65 65
66 339
67 354
68 390
69 69
70 277
71 71
72 391
73 73
74 391
75 395
76 381
77 339
78 391
79 384
80 390
81 298
82 390
83 71
84 390
85 85
86 347
87 48
88 391
89 388
90 97
91 125
92 364
93 354
94 384
95 384
96 45
97 97
98 354
99 390
100 391
101 354
102 277
103 369
104 354
105 354
106 313
107 397
108 390
109 109
110 110
111 384
112 390
113 354
114 391
115 69
116 391
117 391
118 384
119 298
120 345
121 399
122 399
123 201
124 391
125 125
126 73
127 391
128 399
129 390
130 201
131 397
132 384
133 354
134 390
135 354
136 391
137 390
138 354
139 71
140 391
141 354
142 354
143 388
144 261
145 354
146 146
147 354
148 384
149 384
150 354
151 390
152 384
153 171
154 384
155 384
156 354
157 391
158 397
159 399
160 391
161 161
162 354
163 347
164 391
165 354
166 71
167 384
168 381
169 391
170 354
171 171
172 395
173 261
174 399
175 65
176 384
177 85
178 391
179 179
180 384
181 354
182 390
183 110
184 179
185 390
186 391
187 397
188 354
189 391
190 109
191 397
192 391
193 384
194 338
195 399
196 390
197 390
198 391
199 354
200 384
201 391
202 381
203 384
204 354
205 364
206 354
207 391
208 391
209 391
210 390
211 390
212 391
213 391
214 391
215 391
216 390
217 354
218 390
219 399
220 390
221 354
222 354
223 384
224 354
225 391
226 391
227 399
228 354
229 399
230 381
231 354
232 338
233 390
234 391
235 354
236 354
237 391
238 399
239 384
240 354
241 354
242 390
243 354
244 391
245 384
246 384
247 391
248 354
249 391
250 399
251 388
252 354
253 384
254 390
255 354
256 391
257 391
258 391
259 384
260 391
261 261
262 391
263 384
264 384
265 391
266 354
267 384
268 390
269 354
270 384
271 390
272 384
273 391
274 354
275 384
276 384
277 277
278 391
279 390
280 384
281 391
282 146
283 391
284 381
285 390
286 286
287 354
288 354
289 384
290 369
291 354
292 384
293 354
294 354
295 391
296 391
297 391
298 298
299 390
300 354
301 391
302 390
303 354
304 354
305 384
306 354
307 390
308 391
309 390
310 384
311 391
312 384
313 313
314 390
315 391
316 390
317 391
318 384
319 391
320 261
321 390
322 390
323 354
324 390
325 390
326 390
327 354
328 390
329 391
330 384
331 391
332 391
333 384
334 354
335 384
336 384
337 390
338 338
339 339
340 399
341 384
342 384
343 354
344 354
345 391
346 354
347 399
348 354
349 384
350 384
351 384
352 384
353 381
354 354
355 354
356 390
357 391
358 390
359 391
360 354
361 391
362 390
363 384
364 391
365 384
366 354
367 390
368 391
369 369
370 354
371 391
372 391
373 390
374 384
375 354
376 390
377 390
378 391
379 390
380 391
381 381
382 384
383 354
384 384
385 391
386 391
387 391
388 384
389 390
390 390
391 391
392 391
393 391
394 354
395 354
396 354
397 397
398 384
399 399
