0 325
1 377
2 220
3 372
4 220
5 390
6 398
7 7
8 385
9 191
10 380
11 390
12 398
13 345
14 380
15 393
16 387
17 377
18 220
19 345
20 372
21 345
22 387
23 390
24 385
25 383
26 398
27 363
28 387
29 377
30 377
31 390
32 390
33 390
34 345
35 154
36 387
37 362
38 393
39 372
40 398
41 383
42 398
43 220
44 362
45 345
46 362
47 362
48 89
49 393
50 393
51 220
52 392
53 220
54 54
55 385
56 380
57 380
58 383
59 390
60 398
61 345
62 380
63 393
64 64
65 390
66 220
67 191
68 398
69 220
70 383
71 383
72 385
73 390
74 385
75 306
76 398
77 220
78 363
79 387
80 380
81 345
82 390
83 197
84 306
85 345
86 387
87 361
88 393
89 89
90 54
91 361
92 306
93 390
94 380
95 385
96 390
97 390
98 383
99 372
100 385
101 345
102 377
103 398
104 380
105 398
106 383
107 335
108 345
109 398
110 393
111 387
112 377
113 393
114 383
115 385
116 398
117 367
118 387
119 345
120 387
121 390
122 387
123 220
124 380
125 380
126 89
127 306
128 383
129 390
130 390
131 345
132 383
133 148
134 385
135 383
136 335
137 380
138 220
139 390
140 398
141 383
142 377
143 362
144 387
145 393
146 380
147 363
148 148
149 398
150 385
151 385
152 345
153 240
154 154
155 335
156 393
157 362
158 398
159 387
160 390
161 363
162 377
163 383
164 387
165 398
166 398
167 372
168 362
169 362
170 345
171 383
172 393
173 385
174 335
175 398
176 398
177 240
178 220
179 89
180 380
181 345
182 398
183 377
184 398
185 390
186 380
187 220
188 387
189 89
190 380
191 191
192 220
193 383
194 380
195 385
196 380
197 197
198 361
199 361
200 393
201 390
202 306
203 240
204 387
205 7
206 390
207 393
208 367
209 390
210 325
211 380
212 398
213 367
214 387
215 377
216 362
217 345
218 89
219 393
220 393
221 390
222 335
223 362
224 393
225 387
226 383
227 380
228 363
229 345
230 398
231 392
232 380
233 398
234 220
235 377
236 362
237 380
238 64
239 345
240 240
241 385
242 398
243 380
244 385
245 398
246 367
247 390
248 383
249 398
250 367
251 387
252 367
253 383
254 393
255 345
256 385
257 393
258 240
259 383
260 220
261 383
262 390
263 390
264 380
265 398
266 240
267 393
268 345
269 398
270 385
271 385
272 398
273 89
274 385
275 367
276 220
277 398
278 345
279 398
280 362
281 383
282 383
283 393
284 377
285 89
286 220
287 398
288 362
289 387
290 380
291 345
292 240
293 361
294 393
295 361
296 306
297 393
298 220
299 387
300 398
301 398
302 398
303 361
304 393
305 385
306 306
307 89
308 372
309 398
310 398
311 220
312 345
313 345
314 380
315 387
316 393
317 380
318 387
319 387
320 383
321 393
322 372
323 363
324 89
325 372
326 363
327 380
328 377
329 362
330 398
331 390
332 377
333 383
334 377
335 335
336 383
337 380
338 398
339 383
340 390
341 220
342 220
343 393
344 377
345 345
346 363
347 390
348 89
349 362
350 398
351 385
352 345
353 385
354 383
355 377
356 385
357 393
358 387
359 377
360 220
361 361
362 362
363 363
364 380
365 345
366 398
367 367
368 377
369 220
370 383
371 367
372 372
373 220
374 383
375 390
376 390
377 377
378 387
379 362
380 380
381 377
382 377
383 383
384 387
385 385
386 387
387 387
388 383
389 390
390 390
391 393
392 345
393 393
394 398
395 398
396 398
397 398
398 398
399 398
