0 8
1 5
2 0
3 6
4 4
5 3
6 3
7 1
8 2
9 3
10 4
11 0
12 7
13 5
14 8
15 7
16 9
17 5
18 1
19 4
20 6
21 8
22 7
23 0
24 0
25 1
26 8
27 8
28 4
29 3
30 10
31 0
32 2
33 1
34 9
35 6
36 0
37 3
38 10
39 6
40 3
41 2
42 11
43 9
44 1
45 3
46 3
47 2
48 3
49 5
50 4
51 11
52 6
53 2
54 10
55 3
56 11
57 8
58 1
59 10
60 8
61 11
62 4
63 1
64 3
65 11
66 0
67 1
68 10
69 10
70 11
71 2
72 3
73 5
74 9
75 3
76 4
77 9
78 9
79 10
80 9
81 7
82 9
83 10
84 8
85 4
86 1
87 10
88 10
89 11
90 11
91 8
92 10
93 9
94 7
95 2
96 10
97 0
98 0
99 7
100 2
101 11
102 3
103 10
104 6
105 8
106 3
107 2
108 0
109 8
110 10
111 5
112 9
113 2
114 3
115 11
116 1
117 11
118 4
119 3
120 10
121 3
122 4
123 11
124 8
125 4
126 2
127 11
128 8
129 10
130 1
131 3
132 2
133 10
134 6
135 7
136 9
137 10
138 4
139 10
140 5
141 1
142 2
143 6
144 10
145 6
146 2
147 6
148 5
149 3
150 2
151 10
152 6
153 7
154 1
155 11
156 2
157 2
158 2
159 11
160 2
161 3
162 2
163 1
164 4
165 6
166 6
167 5
168 6
169 4
170 4
171 7
172 9
173 9
174 5
175 3
176 3
177 9
178 3
179 2
180 0
181 9
182 3
183 2
184 0
185 7
186 3
187 1
188 2
189 5
190 9
191 4
192 4
193 11
194 2
195 7
196 10
197 0
198 2
199 0
200 4
201 3
202 8
203 0
204 6
205 3
206 8
207 7
208 1
209 5
210 9
211 8
212 11
213 5
214 7
215 8
216 8
217 2
218 10
219 1
220 4
221 7
222 8
223 0
224 7
225 11
226 10
227 7
228 1
229 11
230 11
231 3
232 7
233 10
234 1
235 2
236 3
237 4
238 4
239 9
240 7
241 0
242 4
243 5
244 5
245 6
246 1
247 11
248 2
249 5
250 7
251 8
252 5
253 6
254 6
255 10
256 11
257 0
258 1
259 9
260 0
261 11
262 0
263 7
264 7
265 5
266 9
267 0
268 8
269 11
270 4
271 5
272 6
273 7
274 11
275 8
276 5
277 6
278 5
279 8
280 0
281 0
282 5
283 5
284 6
285 7
286 9
287 0
288 10
289 1
290 7
291 1
292 1
293 7
294 6
295 8
296 9
297 10
298 9
299 8
300 0
301 9
302 6
303 10
304 11
305 7
306 10
307 1
308 0
309 9
310 0
311 6
312 0
313 6
314 7
315 0
316 4
317 3
318 0
319 2
320 6
321 4
322 5
323 6
324 11
325 9
326 7
327 8
328 6
329 8
330 9
331 1
332 1
333 4
334 10
335 1
336 8
337 5
338 5
339 11
340 8
341 9
342 9
343 5
344 10
345 4
346 11
347 5
348 2
349 4
350 5
351 7
352 4
353 5
354 5
355 1
356 9
357 9
358 2
359 6
360 7
361 6
362 1
363 7
364 3
365 8
366 9
367 6
368 1
369 8
370 6
371 0
372 5
373 1
374 0
375 11
376 4
377 7
378 8
379 11
380 4
381 4
382 2
383 11
0 0
1 1
2 2
3 3
4 4
5 5
6 6
7 7
8 8
9 9
10 10
11 11
