0 79
1 50
2 31
3 23
4 31
5 79
6 31
7 50
8 31
9 31
10 50
11 79
12 50
13 31
14 31
15 31
16 23
17 50
18 79
19 23
20 23
21 79
22 79
23 23
24 79
25 23
26 23
27 31
28 50
29 23
30 31
31 31
32 23
33 23
34 23
35 50
36 23
37 79
38 50
39 31
40 23
41 23
42 50
43 23
44 31
45 23
46 50
47 23
48 79
49 23
50 50
51 50
52 79
53 31
54 50
55 31
56 23
57 31
58 79
59 23
60 50
61 50
62 31
63 31
64 31
65 50
66 50
67 31
68 31
69 31
70 50
71 79
72 79
73 50
74 31
75 31
76 23
77 31
78 79
79 79
80 50
81 23
82 79
83 31
84 23
85 50
86 79
87 79
88 23
89 50
90 79
91 50
92 50
93 50
94 79
95 79
96 79
97 50
98 79
99 79
100 79
101 79
102 23
103 79
104 79
105 50
106 50
107 23
108 50
109 23
110 23
111 23
112 50
113 31
114 23
115 79
116 50
117 23
118 79
119 31
120 23
121 79
122 31
123 50
124 79
125 31
126 31
127 31
