0 1
1 0
2 3
3 2
4 3
5 1
6 3
7 0
8 3
9 3
10 0
11 1
12 0
13 3
14 3
15 3
16 2
17 0
18 1
19 2
20 2
21 1
22 1
23 2
24 1
25 2
26 2
27 3
28 0
29 2
30 3
31 3
32 2
33 2
34 2
35 0
36 2
37 1
38 0
39 3
40 2
41 2
42 0
43 2
44 3
45 2
46 0
47 2
48 1
49 2
50 0
51 0
52 1
53 3
54 0
55 3
56 2
57 3
58 1
59 2
60 0
61 0
62 3
63 3
64 3
65 0
66 0
67 3
68 3
69 3
70 0
71 1
72 1
73 0
74 3
75 3
76 2
77 3
78 1
79 1
80 0
81 2
82 1
83 3
84 2
85 0
86 1
87 1
88 2
89 0
90 1
91 0
92 0
93 0
94 1
95 1
96 1
97 0
98 1
99 1
100 1
101 1
102 2
103 1
104 1
105 0
106 0
107 2
108 0
109 2
110 2
111 2
112 0
113 3
114 2
115 1
116 0
117 2
118 1
119 3
120 2
121 1
122 3
123 0
124 1
125 3
126 3
127 3
