0 0
1 28
2 24
3 24
4 16
5 31
6 32
7 0
8 1
9 13
10 18
11 31
12 35
13 3
14 26
15 34
16 33
17 2
18 16
19 20
20 24
21 3
22 33
23 31
24 4
25 32
26 35
27 10
28 33
29 28
30 28
31 31
32 31
33 5
34 3
35 2
36 33
37 27
38 34
39 24
40 35
41 16
42 35
43 21
44 23
45 3
46 27
47 27
48 29
49 34
50 34
51 16
52 21
53 16
54 6
55 7
56 26
57 12
58 32
59 31
60 35
61 3
62 18
63 34
64 8
65 31
66 16
67 13
68 35
69 30
70 32
71 32
72 22
73 31
74 22
75 14
76 35
77 16
78 7
79 33
80 25
81 3
82 28
83 9
84 27
85 3
86 33
87 21
88 34
89 29
90 6
91 21
92 23
93 5
94 25
95 22
96 31
97 31
98 32
99 21
100 22
101 3
102 25
103 12
104 12
105 26
106 32
107 15
108 3
109 35
110 34
111 33
112 28
113 34
114 32
115 10
116 35
117 8
118 33
119 3
120 33
121 31
122 33
123 13
124 25
125 12
126 29
127 27
128 32
129 31
130 31
131 20
132 32
133 11
134 30
135 27
136 15
137 12
138 16
139 31
140 35
141 32
142 28
143 27
144 33
145 34
146 26
147 22
148 11
149 35
150 4
151 7
152 3
153 21
154 2
155 23
156 34
157 27
158 35
159 33
160 31
161 22
162 28
163 32
164 33
165 35
166 35
167 21
168 27
169 27
170 3
171 32
172 34
173 30
174 15
175 35
176 35
177 6
178 16
179 29
180 12
181 3
182 35
183 28
184 35
185 31
186 29
187 16
188 33
189 29
190 17
191 13
192 16
193 32
194 12
195 19
196 26
197 9
198 21
199 21
200 34
201 31
202 14
203 21
204 33
205 0
206 31
207 34
208 29
209 31
210 0
211 12
212 35
213 29
214 33
215 28
216 27
217 3
218 29
219 34
220 34
221 31
222 15
223 27
224 34
225 33
226 32
227 12
228 30
229 3
230 35
231 21
232 12
233 35
234 16
235 28
236 27
237 17
238 8
239 3
240 21
241 30
242 35
243 18
244 19
245 35
246 29
247 31
248 32
249 35
250 29
251 33
252 29
253 32
254 34
255 20
256 30
257 34
258 21
259 32
260 16
261 32
262 31
263 31
264 12
265 35
266 21
267 34
268 3
269 35
270 22
271 22
272 35
273 29
274 1
275 29
276 16
277 35
278 3
279 35
280 27
281 32
282 32
283 34
284 28
285 29
286 16
287 35
288 27
289 33
290 12
291 3
292 21
293 21
294 34
295 21
296 23
297 34
298 16
299 33
300 35
301 35
302 35
303 21
304 34
305 7
306 27
307 29
308 24
309 35
310 35
311 16
312 3
313 3
314 25
315 33
316 34
317 12
318 33
319 33
320 32
321 34
322 21
323 30
324 29
325 21
326 30
327 26
328 28
329 27
330 35
331 31
332 28
333 32
334 28
335 15
336 32
337 26
338 35
339 32
340 31
341 16
342 16
343 34
344 28
345 3
346 30
347 31
348 29
349 27
350 35
351 30
352 3
353 30
354 32
355 28
356 30
357 34
358 33
359 28
360 16
361 21
362 27
363 30
364 12
365 3
366 35
367 29
368 28
369 16
370 32
371 29
372 21
373 16
374 32
375 31
376 31
377 28
378 33
379 27
380 12
381 28
382 28
383 32
384 33
385 22
386 33
387 33
388 32
389 31
390 31
391 34
392 3
393 34
394 35
395 35
396 35
397 35
398 35
399 35
0 6
1 8
2 4
3 0
4 8
5 3
6 2
7 8
8 2
9 0
10 8
11 8
12 3
13 4
14 0
15 5
16 4
17 3
18 3
19 8
20 0
21 6
22 8
23 5
24 6
25 3
26 3
27 5
28 7
29 2
30 8
31 1
32 9
33 10
34 11
35 12
0 0
1 1
2 2
3 3
4 4
5 5
6 6
7 7
8 8
9 9
10 10
11 11
12 12
