0 0
1 2
2 3
3 1
4 3
5 0
6 3
7 2
8 3
9 3
10 2
11 0
12 2
13 3
14 3
15 3
16 1
17 2
18 0
19 1
20 1
21 0
22 0
23 1
24 0
25 1
26 1
27 3
28 2
29 1
30 3
31 3
32 1
33 1
34 1
35 2
36 1
37 0
38 2
39 3
40 1
41 1
42 2
43 1
44 3
45 1
46 2
47 1
48 0
49 1
50 2
51 2
52 0
53 3
54 2
55 3
56 1
57 3
58 0
59 1
60 2
61 2
62 3
63 3
64 3
65 2
66 2
67 3
68 3
69 3
70 2
71 0
72 0
73 2
74 3
75 3
76 1
77 3
78 0
79 0
80 2
81 1
82 0
83 3
84 1
85 2
86 0
87 0
88 1
89 2
90 0
91 2
92 2
93 2
94 0
95 0
96 0
97 2
98 0
99 0
100 0
101 0
102 1
103 0
104 0
105 2
106 2
107 1
108 2
109 1
110 1
111 1
112 2
113 3
114 1
115 0
116 2
117 1
118 0
119 3
120 1
121 0
122 3
123 2
124 0
125 3
126 3
127 3
0 0
1 1
2 2
3 3
