0 369
1 111
2 300
3 104
4 333
5 182
6 182
7 208
8 53
9 182
10 333
11 300
12 326
13 111
14 369
15 326
16 286
17 111
18 208
19 333
20 104
21 369
22 326
23 300
24 300
25 208
26 369
27 369
28 333
29 182
30 196
31 300
32 53
33 208
34 286
35 104
36 300
37 182
38 196
39 104
40 182
41 53
42 155
43 286
44 208
45 182
46 182
47 53
48 182
49 111
50 333
51 155
52 104
53 53
54 196
55 182
56 155
57 369
58 208
59 196
60 369
61 155
62 333
63 208
64 182
65 155
66 300
67 208
68 196
69 196
70 155
71 53
72 182
73 111
74 286
75 182
76 333
77 286
78 286
79 196
80 286
81 326
82 286
83 196
84 369
85 333
86 208
87 196
88 196
89 155
90 155
91 369
92 196
93 286
94 326
95 53
96 196
97 300
98 300
99 326
100 53
101 155
102 182
103 196
104 104
105 369
106 182
107 53
108 300
109 369
110 196
111 111
112 286
113 53
114 182
115 155
116 208
117 155
118 333
119 182
120 196
121 182
122 333
123 155
124 369
125 333
126 53
127 155
128 369
129 196
130 208
131 182
132 53
133 196
134 104
135 326
136 286
137 196
138 333
139 196
140 111
141 208
142 53
143 104
144 196
145 104
146 53
147 104
148 111
149 182
150 53
151 196
152 104
153 326
154 208
155 155
156 53
157 53
158 53
159 155
160 53
161 182
162 53
163 208
164 333
165 104
166 104
167 111
168 104
169 333
170 333
171 326
172 286
173 286
174 111
175 182
176 182
177 286
178 182
179 53
180 300
181 286
182 182
183 53
184 300
185 326
186 182
187 208
188 53
189 111
190 286
191 333
192 333
193 155
194 53
195 326
196 196
197 300
198 53
199 300
200 333
201 182
202 369
203 300
204 104
205 182
206 369
207 326
208 208
209 111
210 286
211 369
212 155
213 111
214 326
215 369
216 369
217 53
218 196
219 208
220 333
221 326
222 369
223 300
224 326
225 155
226 196
227 326
228 208
229 155
230 155
231 182
232 326
233 196
234 208
235 53
236 182
237 333
238 333
239 286
240 326
241 300
242 333
243 111
244 111
245 104
246 208
247 155
248 53
249 111
250 326
251 369
252 111
253 104
254 104
255 196
256 155
257 300
258 208
259 286
260 300
261 155
262 300
263 326
264 326
265 111
266 286
267 300
268 369
269 155
270 333
271 111
272 104
273 326
274 155
275 369
276 111
277 104
278 111
279 369
280 300
281 300
282 111
283 111
284 104
285 326
286 286
287 300
288 196
289 208
290 326
291 208
292 208
293 326
294 104
295 369
296 286
297 196
298 286
299 369
300 300
301 286
302 104
303 196
304 155
305 326
306 196
307 208
308 300
309 286
310 300
311 104
312 300
313 104
314 326
315 300
316 333
317 182
318 300
319 53
320 104
321 333
322 111
323 104
324 155
325 286
326 326
327 369
328 104
329 369
330 286
331 208
332 208
333 333
334 196
335 208
336 369
337 111
338 111
339 155
340 369
341 286
342 286
343 111
344 196
345 333
346 155
347 111
348 53
349 333
350 111
351 326
352 333
353 111
354 111
355 208
356 286
357 286
358 53
359 104
360 326
361 104
362 208
363 326
364 182
365 369
366 286
367 104
368 208
369 369
370 104
371 300
372 111
373 208
374 300
375 155
376 333
377 326
378 369
379 155
380 333
381 333
382 53
383 155
