0 0
1 2
2 2
3 1
4 1
5 1
6 0
7 3
8 2
9 1
10 0
11 1
12 4
13 4
14 3
15 3
16 4
17 2
18 1
19 4
20 0
21 1
22 2
23 2
24 2
25 2
26 4
27 2
28 0
29 1
30 0
31 2
32 4
33 2
34 3
35 0
36 0
37 3
38 1
39 4
40 0
41 1
42 0
43 0
44 2
45 3
46 0
47 2
48 2
49 2
50 3
51 0
52 4
53 1
54 2
55 1
56 3
57 3
58 0
59 3
60 2
61 1
62 2
63 3
64 1
65 0
66 1
67 4
68 3
69 0
70 3
71 4
72 3
73 4
74 2
75 4
76 1
77 1
78 2
79 0
80 3
81 3
82 3
83 4
84 3
85 0
86 1
87 2
88 2
89 0
90 0
91 4
92 2
93 4
94 0
95 0
96 4
97 0
98 4
99 3
100 2
101 4
102 2
103 1
104 4
105 4
106 1
107 1
108 3
109 1
110 4
111 0
112 3
113 4
114 2
115 0
116 2
117 4
118 0
119 3
120 0
121 1
122 1
123 2
124 2
125 4
126 4
127 2
128 1
129 3
130 2
131 1
132 0
133 4
134 3
135 4
136 2
137 3
138 4
139 4
140 2
141 4
142 4
143 0
144 4
145 4
146 3
147 4
148 0
149 0
150 4
151 3
152 0
153 4
154 0
155 0
156 4
157 4
158 1
159 1
160 2
161 4
162 1
163 1
164 2
165 4
166 4
167 4
168 1
169 2
170 4
171 4
172 4
173 4
174 4
175 0
176 0
177 0
178 2
179 1
180 0
181 4
182 3
183 4
184 1
185 3
186 2
187 1
188 4
189 2
190 1
191 1
192 2
193 0
194 1
195 1
196 3
197 3
198 2
199 4
200 0
201 2
202 1
203 0
204 1
205 2
206 4
207 2
208 2
209 2
210 3
211 3
212 2
213 2
214 1
215 2
216 3
217 4
218 3
219 1
220 3
221 4
222 4
223 0
224 4
225 2
226 2
227 1
228 4
229 1
230 1
231 4
232 1
233 3
234 2
235 4
236 4
237 2
238 1
239 0
240 4
241 4
242 3
243 4
244 2
245 0
246 0
247 2
248 4
249 2
250 1
251 0
252 4
253 0
254 3
255 4
256 2
257 2
258 2
259 0
260 2
261 4
262 2
263 0
264 0
265 2
266 4
267 0
268 3
269 4
270 0
271 3
272 0
273 2
274 4
275 0
276 0
277 3
278 2
279 3
280 0
281 4
282 3
283 2
284 1
285 3
286 1
287 4
288 4
289 0
290 1
291 1
292 0
293 4
294 4
295 2
296 2
297 2
298 3
299 3
300 4
301 2
302 3
303 4
304 4
305 0
306 4
307 3
308 2
309 3
310 0
311 2
312 0
313 1
314 3
315 2
316 3
317 2
318 0
319 2
320 4
321 3
322 3
323 4
324 3
325 3
326 3
327 4
328 3
329 2
330 0
331 2
332 2
333 0
334 4
335 0
336 0
337 3
338 1
339 1
340 1
341 0
342 0
343 4
344 4
345 2
346 4
347 1
348 4
349 0
350 0
351 0
352 0
353 1
354 4
355 1
356 3
357 2
358 3
359 2
360 4
361 2
362 3
363 0
364 2
365 0
366 4
367 3
368 2
369 1
370 1
371 2
372 2
373 3
374 0
375 4
376 3
377 3
378 2
379 3
380 2
381 1
382 0
383 4
384 0
385 2
386 2
387 2
388 0
389 3
390 3
391 2
392 2
393 2
394 4
395 4
396 4
397 1
398 0
399 1
