0 50
1 52
2 52
3 51
4 51
5 51
6 0
7 48
8 44
9 51
10 0
11 51
12 53
13 47
14 46
15 1
16 49
17 52
18 51
19 53
20 50
21 51
22 52
23 52
24 52
25 52
26 2
27 52
28 10
29 34
30 50
31 52
32 2
33 52
34 46
35 18
36 38
37 7
38 3
39 53
40 50
41 51
42 4
43 5
44 17
45 6
46 46
47 44
48 16
49 52
50 7
51 8
52 53
53 51
54 22
55 51
56 9
57 9
58 10
59 46
60 52
61 51
62 52
63 46
64 51
65 31
66 51
67 43
68 46
69 11
70 41
71 12
72 40
73 25
74 21
75 30
76 51
77 51
78 52
79 50
80 48
81 45
82 13
83 14
84 46
85 4
86 15
87 16
88 17
89 39
90 18
91 24
92 35
93 19
94 46
95 28
96 6
97 18
98 53
99 46
100 52
101 19
102 41
103 51
104 47
105 19
106 51
107 51
108 46
109 51
110 20
111 50
112 46
113 53
114 52
115 11
116 52
117 21
118 50
119 45
120 22
121 3
122 51
123 23
124 52
125 24
126 25
127 40
128 51
129 46
130 23
131 51
132 50
133 53
134 1
135 42
136 52
137 46
138 26
139 14
140 26
141 53
142 26
143 39
144 49
145 53
146 9
147 27
148 50
149 50
150 26
151 46
152 50
153 29
154 28
155 50
156 19
157 19
158 51
159 51
160 52
161 8
162 51
163 15
164 52
165 53
166 12
167 37
168 51
169 52
170 26
171 29
172 30
173 49
174 53
175 31
176 50
177 4
178 32
179 51
180 50
181 53
182 46
183 20
184 51
185 46
186 52
187 51
188 19
189 33
190 51
191 51
192 52
193 50
194 51
195 51
196 46
197 46
198 52
199 47
200 50
201 52
202 51
203 50
204 34
205 35
206 53
207 52
208 52
209 52
210 46
211 13
212 52
213 32
214 52
215 52
216 46
217 53
218 46
219 51
220 46
221 53
222 53
223 50
224 25
225 52
226 33
227 51
228 53
229 51
230 51
231 53
232 51
233 46
234 52
235 53
236 27
237 52
238 51
239 50
240 53
241 53
242 46
243 37
244 52
245 50
246 38
247 52
248 53
249 52
250 51
251 39
252 24
253 50
254 46
255 49
256 52
257 52
258 40
259 50
260 52
261 49
262 52
263 50
264 18
265 52
266 30
267 50
268 46
269 36
270 50
271 46
272 50
273 52
274 25
275 50
276 5
277 41
278 52
279 46
280 50
281 42
282 9
283 52
284 51
285 46
286 51
287 43
288 36
289 50
290 51
291 51
292 50
293 53
294 53
295 52
296 52
297 52
298 45
299 46
300 47
301 52
302 46
303 53
304 53
305 50
306 53
307 46
308 52
309 48
310 50
311 52
312 50
313 51
314 46
315 17
316 46
317 52
318 50
319 52
320 49
321 46
322 46
323 53
324 46
325 46
326 46
327 53
328 46
329 52
330 50
331 52
332 52
333 50
334 53
335 50
336 50
337 46
338 51
339 51
340 51
341 50
342 50
343 53
344 53
345 52
346 26
347 51
348 26
349 50
350 50
351 50
352 50
353 51
354 53
355 51
356 46
357 52
358 46
359 52
360 26
361 52
362 46
363 50
364 52
365 50
366 19
367 46
368 52
369 51
370 51
371 52
372 52
373 46
374 50
375 26
376 46
377 46
378 52
379 46
380 52
381 51
382 50
383 53
384 50
385 52
386 52
387 52
388 50
389 46
390 46
391 52
392 52
393 52
394 53
395 53
396 53
397 51
398 50
399 51
0 7
1 6
2 8
3 0
4 7
5 7
6 3
7 6
8 7
9 6
10 7
11 7
12 1
13 6
14 1
15 0
16 2
17 2
18 7
19 8
20 3
21 5
22 7
23 2
24 1
25 8
26 8
27 8
28 7
29 3
30 8
31 8
32 4
33 4
34 0
35 2
36 8
37 8
38 7
39 7
40 2
41 6
42 5
43 8
44 7
45 6
46 6
47 8
48 6
49 8
50 7
51 0
52 2
53 8
0 0
1 6
2 2
3 1
4 2
5 3
6 4
7 5
8 6
0 0
1 1
2 2
3 3
4 4
5 5
6 6
