0 0
1 3
2 1
3 2
4 0
5 3
6 1
7 2
8 0
9 3
10 1
11 2
12 0
13 3
14 1
15 2
16 0
17 3
18 1
19 2
20 0
21 3
22 1
23 2
24 0
25 3
26 1
27 2
28 0
29 3
30 1
31 2
32 0
33 3
34 1
35 2
36 0
37 3
38 1
39 2
40 0
41 3
42 1
43 2
44 0
45 3
46 1
47 2
48 0
49 3
50 1
51 2
52 0
53 3
54 1
55 2
56 0
57 3
58 1
59 2
60 0
61 3
62 1
63 2
64 0
65 3
66 1
67 2
68 0
69 3
70 1
71 2
72 0
73 3
74 1
75 2
76 0
77 3
78 1
79 2
80 0
81 3
82 1
83 2
84 0
85 3
86 1
87 2
88 0
89 3
90 1
91 2
92 0
93 3
94 1
95 2
96 0
97 3
98 1
99 2
0 0
1 1
2 2
3 3
