0 64
1 37
2 10
3 31
4 64
5 37
6 10
7 31
8 64
9 37
10 10
11 31
12 64
13 37
14 10
15 31
16 64
17 37
18 10
19 31
20 64
21 37
22 10
23 31
24 64
25 37
26 10
27 31
28 64
29 37
30 10
31 31
32 64
33 37
34 10
35 31
36 64
37 37
38 10
39 31
40 64
41 37
42 10
43 31
44 64
45 37
46 10
47 31
48 64
49 37
50 10
51 31
52 64
53 37
54 10
55 31
56 64
57 37
58 10
59 31
60 64
61 37
62 10
63 31
64 64
65 37
66 10
67 31
68 64
69 37
70 10
71 31
72 64
73 37
74 10
75 31
76 64
77 37
78 10
79 31
80 64
81 37
82 10
83 31
84 64
85 37
86 10
87 31
88 64
89 37
90 10
91 31
92 64
93 37
94 10
95 31
96 64
97 37
98 10
99 31
