0 64
1 25
2 18
3 15
4 64
5 25
6 18
7 15
8 64
9 25
10 18
11 15
12 64
13 25
14 18
15 15
16 64
17 25
18 18
19 15
20 64
21 25
22 18
23 15
24 64
25 25
26 18
27 15
28 64
29 25
30 18
31 15
32 64
33 25
34 18
35 15
36 64
37 25
38 18
39 15
40 64
41 25
42 18
43 15
44 64
45 25
46 18
47 15
48 64
49 25
50 18
51 15
52 64
53 25
54 18
55 15
56 64
57 25
58 18
59 15
60 64
61 25
62 18
63 15
64 64
65 25
66 18
67 15
68 64
69 25
70 18
71 15
72 64
73 25
74 18
75 15
76 64
77 25
78 18
79 15
80 64
81 25
82 18
83 15
84 64
85 25
86 18
87 15
88 64
89 25
90 18
91 15
92 64
93 25
94 18
95 15
96 64
97 25
98 18
99 15
