0 0
1 2
2 3
3 1
4 0
5 2
6 3
7 1
8 0
9 2
10 3
11 1
12 0
13 2
14 3
15 1
16 0
17 2
18 3
19 1
20 0
21 2
22 3
23 1
24 0
25 2
26 3
27 1
28 0
29 2
30 3
31 1
32 0
33 2
34 3
35 1
36 0
37 2
38 3
39 1
40 0
41 2
42 3
43 1
44 0
45 2
46 3
47 1
48 0
49 2
50 3
51 1
52 0
53 2
54 3
55 1
56 0
57 2
58 3
59 1
60 0
61 2
62 3
63 1
64 0
65 2
66 3
67 1
68 0
69 2
70 3
71 1
72 0
73 2
74 3
75 1
76 0
77 2
78 3
79 1
80 0
81 2
82 3
83 1
84 0
85 2
86 3
87 1
88 0
89 2
90 3
91 1
92 0
93 2
94 3
95 1
96 0
97 2
98 3
99 1
100 0
101 2
102 3
103 1
104 0
105 2
106 3
107 1
108 0
109 2
110 3
111 1
112 0
113 2
114 3
115 1
116 0
117 2
118 3
119 1
120 0
121 2
122 3
123 1
124 0
125 2
126 3
127 1
128 0
129 2
130 3
131 1
132 0
133 2
134 3
135 1
136 0
137 2
138 3
139 1
140 0
141 2
142 3
143 1
144 0
145 2
146 3
147 1
148 0
149 2
150 3
151 1
152 0
153 2
154 3
155 1
156 0
157 2
158 3
159 1
160 0
161 2
162 3
163 1
164 0
165 2
166 3
167 1
168 0
169 2
170 3
171 1
172 0
173 2
174 3
175 1
176 0
177 2
178 3
179 1
180 0
181 2
182 3
183 1
184 0
185 2
186 3
187 1
188 0
189 2
190 3
191 1
192 0
193 2
194 3
195 1
196 0
197 2
198 3
199 1
200 0
201 2
202 3
203 1
204 0
205 2
206 3
207 1
208 0
209 2
210 3
211 1
212 0
213 2
214 3
215 1
216 0
217 2
218 3
219 1
220 0
221 2
222 3
223 1
224 0
225 2
226 3
227 1
228 0
229 2
230 3
231 1
232 0
233 2
234 3
235 1
236 0
237 2
238 3
239 1
240 0
241 2
242 3
243 1
244 0
245 2
246 3
247 1
248 0
249 2
250 3
251 1
252 0
253 2
254 3
255 1
256 0
257 2
258 3
259 1
260 0
261 2
262 3
263 1
264 0
265 2
266 3
267 1
268 0
269 2
270 3
271 1
272 0
273 2
274 3
275 1
276 0
277 2
278 3
279 1
280 0
281 2
282 3
283 1
284 0
285 2
286 3
287 1
288 0
289 2
290 3
291 1
292 0
293 2
294 3
295 1
296 0
297 2
298 3
299 1
300 0
301 2
302 3
303 1
304 0
305 2
306 3
307 1
308 0
309 2
310 3
311 1
312 0
313 2
314 3
315 1
316 0
317 2
318 3
319 1
320 0
321 2
322 3
323 1
324 0
325 2
326 3
327 1
328 0
329 2
330 3
331 1
332 0
333 2
334 3
335 1
336 0
337 2
338 3
339 1
340 0
341 2
342 3
343 1
344 0
345 2
346 3
347 1
348 0
349 2
350 3
351 1
352 0
353 2
354 3
355 1
356 0
357 2
358 3
359 1
360 0
361 2
362 3
363 1
364 0
365 2
366 3
367 1
368 0
369 2
370 3
371 1
372 0
373 2
374 3
375 1
376 0
377 2
378 3
379 1
380 0
381 2
382 3
383 1
384 0
385 2
386 3
387 1
388 0
389 2
390 3
391 1
392 0
393 2
394 3
395 1
396 0
397 2
398 3
399 1
0 0
1 1
2 2
3 3
