0 126
1 93
2 126
3 93
4 126
5 93
6 126
7 93
8 126
9 93
10 126
11 93
12 126
13 93
14 126
15 93
16 126
17 93
18 126
19 93
20 126
21 93
22 126
23 93
24 126
25 93
26 126
27 93
28 126
29 93
30 126
31 93
32 126
33 93
34 126
35 93
36 126
37 93
38 126
39 93
40 126
41 93
42 126
43 93
44 126
45 93
46 126
47 93
48 126
49 93
50 126
51 93
52 126
53 93
54 126
55 93
56 126
57 93
58 126
59 93
60 126
61 93
62 126
63 93
64 126
65 93
66 126
67 93
68 126
69 93
70 126
71 93
72 126
73 93
74 126
75 93
76 126
77 93
78 126
79 93
80 126
81 93
82 126
83 93
84 126
85 93
86 126
87 93
88 126
89 93
90 126
91 93
92 126
93 93
94 126
95 93
96 126
97 93
98 126
99 93
100 126
101 93
102 126
103 93
104 126
105 93
106 126
107 93
108 126
109 93
110 126
111 93
112 126
113 93
114 126
115 93
116 126
117 93
118 126
119 93
120 126
121 93
122 126
123 93
124 126
125 93
126 126
127 93
128 126
129 93
130 126
131 93
132 126
133 93
134 126
135 93
136 126
137 93
138 126
139 93
140 126
141 93
142 126
143 93
144 126
145 93
146 126
147 93
148 126
149 93
150 126
151 93
152 126
153 93
154 126
155 93
156 126
157 93
158 126
159 93
160 126
161 93
162 126
163 93
164 126
165 93
166 126
167 93
168 126
169 93
170 126
171 93
172 126
173 93
174 126
175 93
176 126
177 93
178 126
179 93
180 126
181 93
182 126
183 93
184 126
185 93
186 126
187 93
188 126
189 93
190 126
191 93
192 126
193 93
194 126
195 93
196 126
197 93
198 126
199 93
200 126
201 93
202 126
203 93
204 126
205 93
206 126
207 93
208 126
209 93
210 126
211 93
212 126
213 93
214 126
215 93
216 126
217 93
218 126
219 93
220 126
221 93
222 126
223 93
224 126
225 93
226 126
227 93
228 126
229 93
230 126
231 93
232 126
233 93
234 126
235 93
236 126
237 93
238 126
239 93
240 126
241 93
242 126
243 93
244 126
245 93
246 126
247 93
248 126
249 93
250 126
251 93
252 126
253 93
254 126
255 93
256 126
257 93
258 126
259 93
260 126
261 93
262 126
263 93
264 126
265 93
266 126
267 93
268 126
269 93
270 126
271 93
272 126
273 93
274 126
275 93
276 126
277 93
278 126
279 93
280 126
281 93
282 126
283 93
284 126
285 93
286 126
287 93
288 126
289 93
290 126
291 93
292 126
293 93
294 126
295 93
296 126
297 93
298 126
299 93
300 126
301 93
302 126
303 93
304 126
305 93
306 126
307 93
308 126
309 93
310 126
311 93
312 126
313 93
314 126
315 93
316 126
317 93
318 126
319 93
320 126
321 93
322 126
323 93
324 126
325 93
326 126
327 93
328 126
329 93
330 126
331 93
332 126
333 93
334 126
335 93
336 126
337 93
338 126
339 93
340 126
341 93
342 126
343 93
344 126
345 93
346 126
347 93
348 126
349 93
350 126
351 93
352 126
353 93
354 126
355 93
356 126
357 93
358 126
359 93
360 126
361 93
362 126
363 93
364 126
365 93
366 126
367 93
368 126
369 93
370 126
371 93
372 126
373 93
374 126
375 93
376 126
377 93
378 126
379 93
380 126
381 93
382 126
383 93
384 126
385 93
386 126
387 93
388 126
389 93
390 126
391 93
392 126
393 93
394 126
395 93
396 126
397 93
398 126
399 93
