0 2
1 0
2 1
3 3
4 2
5 0
6 1
7 3
8 2
9 0
10 1
11 3
12 2
13 0
14 1
15 3
16 2
17 0
18 1
19 3
20 2
21 0
22 1
23 3
24 2
25 0
26 1
27 3
28 2
29 0
30 1
31 3
32 2
33 0
34 1
35 3
36 2
37 0
38 1
39 3
40 2
41 0
42 1
43 3
44 2
45 0
46 1
47 3
48 2
49 0
50 1
51 3
52 2
53 0
54 1
55 3
56 2
57 0
58 1
59 3
60 2
61 0
62 1
63 3
64 2
65 0
66 1
67 3
68 2
69 0
70 1
71 3
72 2
73 0
74 1
75 3
76 2
77 0
78 1
79 3
80 2
81 0
82 1
83 3
84 2
85 0
86 1
87 3
88 2
89 0
90 1
91 3
92 2
93 0
94 1
95 3
96 2
97 0
98 1
99 3
100 2
101 0
102 1
103 3
104 2
105 0
106 1
107 3
108 2
109 0
110 1
111 3
112 2
113 0
114 1
115 3
116 2
117 0
118 1
119 3
120 2
121 0
122 1
123 3
124 2
125 0
126 1
127 3
128 2
129 0
130 1
131 3
132 2
133 0
134 1
135 3
136 2
137 0
138 1
139 3
140 2
141 0
142 1
143 3
144 2
145 0
146 1
147 3
148 2
149 0
150 1
151 3
152 2
153 0
154 1
155 3
156 2
157 0
158 1
159 3
160 2
161 0
162 1
163 3
164 2
165 0
166 1
167 3
168 2
169 0
170 1
171 3
172 2
173 0
174 1
175 3
176 2
177 0
178 1
179 3
180 2
181 0
182 1
183 3
184 2
185 0
186 1
187 3
188 2
189 0
190 1
191 3
192 2
193 0
194 1
195 3
196 2
197 0
198 1
199 3
200 2
201 0
202 1
203 3
204 2
205 0
206 1
207 3
208 2
209 0
210 1
211 3
212 2
213 0
214 1
215 3
216 2
217 0
218 1
219 3
220 2
221 0
222 1
223 3
224 2
225 0
226 1
227 3
228 2
229 0
230 1
231 3
232 2
233 0
234 1
235 3
236 2
237 0
238 1
239 3
240 2
241 0
242 1
243 3
244 2
245 0
246 1
247 3
248 2
249 0
250 1
251 3
252 2
253 0
254 1
255 3
256 2
257 0
258 1
259 3
260 2
261 0
262 1
263 3
264 2
265 0
266 1
267 3
268 2
269 0
270 1
271 3
272 2
273 0
274 1
275 3
276 2
277 0
278 1
279 3
280 2
281 0
282 1
283 3
284 2
285 0
286 1
287 3
288 2
289 0
290 1
291 3
292 2
293 0
294 1
295 3
296 2
297 0
298 1
299 3
300 2
301 0
302 1
303 3
304 2
305 0
306 1
307 3
308 2
309 0
310 1
311 3
312 2
313 0
314 1
315 3
316 2
317 0
318 1
319 3
320 2
321 0
322 1
323 3
324 2
325 0
326 1
327 3
328 2
329 0
330 1
331 3
332 2
333 0
334 1
335 3
336 2
337 0
338 1
339 3
340 2
341 0
342 1
343 3
344 2
345 0
346 1
347 3
348 2
349 0
350 1
351 3
352 2
353 0
354 1
355 3
356 2
357 0
358 1
359 3
360 2
361 0
362 1
363 3
364 2
365 0
366 1
367 3
368 2
369 0
370 1
371 3
372 2
373 0
374 1
375 3
376 2
377 0
378 1
379 3
380 2
381 0
382 1
383 3
384 2
385 0
386 1
387 3
388 2
389 0
390 1
391 3
392 2
393 0
394 1
395 3
396 2
397 0
398 1
399 3
400 2
401 0
402 1
403 3
404 2
405 0
406 1
407 3
408 2
409 0
410 1
411 3
412 2
413 0
414 1
415 3
416 2
417 0
418 1
419 3
420 2
421 0
422 1
423 3
424 2
425 0
426 1
427 3
428 2
429 0
430 1
431 3
432 2
433 0
434 1
435 3
436 2
437 0
438 1
439 3
440 2
441 0
442 1
443 3
444 2
445 0
446 1
447 3
448 2
449 0
450 1
451 3
452 2
453 0
454 1
455 3
456 2
457 0
458 1
459 3
460 2
461 0
462 1
463 3
464 2
465 0
466 1
467 3
468 2
469 0
470 1
471 3
472 2
473 0
474 1
475 3
476 2
477 0
478 1
479 3
480 2
481 0
482 1
483 3
484 2
485 0
486 1
487 3
488 2
489 0
490 1
491 3
492 2
493 0
494 1
495 3
496 2
497 0
498 1
499 3
500 2
501 0
502 1
503 3
504 2
505 0
506 1
507 3
508 2
509 0
510 1
511 3
512 2
513 0
514 1
515 3
516 2
517 0
518 1
519 3
520 2
521 0
522 1
523 3
524 2
525 0
526 1
527 3
528 2
529 0
530 1
531 3
532 2
533 0
534 1
535 3
536 2
537 0
538 1
539 3
540 2
541 0
542 1
543 3
544 2
545 0
546 1
547 3
548 2
549 0
550 1
551 3
552 2
553 0
554 1
555 3
556 2
557 0
558 1
559 3
560 2
561 0
562 1
563 3
564 2
565 0
566 1
567 3
568 2
569 0
570 1
571 3
572 2
573 0
574 1
575 3
576 2
577 0
578 1
579 3
580 2
581 0
582 1
583 3
584 2
585 0
586 1
587 3
588 2
589 0
590 1
591 3
592 2
593 0
594 1
595 3
596 2
597 0
598 1
599 3
600 2
601 0
602 1
603 3
604 2
605 0
606 1
607 3
608 2
609 0
610 1
611 3
612 2
613 0
614 1
615 3
616 2
617 0
618 1
619 3
620 2
621 0
622 1
623 3
624 2
625 0
626 1
627 3
628 2
629 0
630 1
631 3
632 2
633 0
634 1
635 3
636 2
637 0
638 1
639 3
640 2
641 0
642 1
643 3
644 2
645 0
646 1
647 3
648 2
649 0
650 1
651 3
652 2
653 0
654 1
655 3
656 2
657 0
658 1
659 3
660 2
661 0
662 1
663 3
664 2
665 0
666 1
667 3
668 2
669 0
670 1
671 3
672 2
673 0
674 1
675 3
676 2
677 0
678 1
679 3
680 2
681 0
682 1
683 3
684 2
685 0
686 1
687 3
688 2
689 0
690 1
691 3
692 2
693 0
694 1
695 3
696 2
697 0
698 1
699 3
700 2
701 0
702 1
703 3
704 2
705 0
706 1
707 3
708 2
709 0
710 1
711 3
712 2
713 0
714 1
715 3
716 2
717 0
718 1
719 3
720 2
721 0
722 1
723 3
724 2
725 0
726 1
727 3
728 2
729 0
730 1
731 3
732 2
733 0
734 1
735 3
736 2
737 0
738 1
739 3
740 2
741 0
742 1
743 3
744 2
745 0
746 1
747 3
748 2
749 0
750 1
751 3
752 2
753 0
754 1
755 3
756 2
757 0
758 1
759 3
760 2
761 0
762 1
763 3
764 2
765 0
766 1
767 3
768 2
769 0
770 1
771 3
772 2
773 0
774 1
775 3
776 2
777 0
778 1
779 3
780 2
781 0
782 1
783 3
784 2
785 0
786 1
787 3
788 2
789 0
790 1
791 3
792 2
793 0
794 1
795 3
796 2
797 0
798 1
799 3
0 0
1 1
2 2
3 3
