0 60
1 57
2 82
3 39
4 60
5 57
6 82
7 39
8 60
9 57
10 82
11 39
12 60
13 57
14 82
15 39
16 60
17 57
18 82
19 39
20 60
21 57
22 82
23 39
24 60
25 57
26 82
27 39
28 60
29 57
30 82
31 39
32 60
33 57
34 82
35 39
36 60
37 57
38 82
39 39
40 60
41 57
42 82
43 39
44 60
45 57
46 82
47 39
48 60
49 57
50 82
51 39
52 60
53 57
54 82
55 39
56 60
57 57
58 82
59 39
60 60
61 57
62 82
63 39
64 60
65 57
66 82
67 39
68 60
69 57
70 82
71 39
72 60
73 57
74 82
75 39
76 60
77 57
78 82
79 39
80 60
81 57
82 82
83 39
84 60
85 57
86 82
87 39
88 60
89 57
90 82
91 39
92 60
93 57
94 82
95 39
96 60
97 57
98 82
99 39
