0 104
1 389
2 114
3 199
4 104
5 389
6 114
7 199
8 104
9 389
10 114
11 199
12 104
13 389
14 114
15 199
16 104
17 389
18 114
19 199
20 104
21 389
22 114
23 199
24 104
25 389
26 114
27 199
28 104
29 389
30 114
31 199
32 104
33 389
34 114
35 199
36 104
37 389
38 114
39 199
40 104
41 389
42 114
43 199
44 104
45 389
46 114
47 199
48 104
49 389
50 114
51 199
52 104
53 389
54 114
55 199
56 104
57 389
58 114
59 199
60 104
61 389
62 114
63 199
64 104
65 389
66 114
67 199
68 104
69 389
70 114
71 199
72 104
73 389
74 114
75 199
76 104
77 389
78 114
79 199
80 104
81 389
82 114
83 199
84 104
85 389
86 114
87 199
88 104
89 389
90 114
91 199
92 104
93 389
94 114
95 199
96 104
97 389
98 114
99 199
100 104
101 389
102 114
103 199
104 104
105 389
106 114
107 199
108 104
109 389
110 114
111 199
112 104
113 389
114 114
115 199
116 104
117 389
118 114
119 199
120 104
121 389
122 114
123 199
124 104
125 389
126 114
127 199
128 104
129 389
130 114
131 199
132 104
133 389
134 114
135 199
136 104
137 389
138 114
139 199
140 104
141 389
142 114
143 199
144 104
145 389
146 114
147 199
148 104
149 389
150 114
151 199
152 104
153 389
154 114
155 199
156 104
157 389
158 114
159 199
160 104
161 389
162 114
163 199
164 104
165 389
166 114
167 199
168 104
169 389
170 114
171 199
172 104
173 389
174 114
175 199
176 104
177 389
178 114
179 199
180 104
181 389
182 114
183 199
184 104
185 389
186 114
187 199
188 104
189 389
190 114
191 199
192 104
193 389
194 114
195 199
196 104
197 389
198 114
199 199
200 104
201 389
202 114
203 199
204 104
205 389
206 114
207 199
208 104
209 389
210 114
211 199
212 104
213 389
214 114
215 199
216 104
217 389
218 114
219 199
220 104
221 389
222 114
223 199
224 104
225 389
226 114
227 199
228 104
229 389
230 114
231 199
232 104
233 389
234 114
235 199
236 104
237 389
238 114
239 199
240 104
241 389
242 114
243 199
244 104
245 389
246 114
247 199
248 104
249 389
250 114
251 199
252 104
253 389
254 114
255 199
256 104
257 389
258 114
259 199
260 104
261 389
262 114
263 199
264 104
265 389
266 114
267 199
268 104
269 389
270 114
271 199
272 104
273 389
274 114
275 199
276 104
277 389
278 114
279 199
280 104
281 389
282 114
283 199
284 104
285 389
286 114
287 199
288 104
289 389
290 114
291 199
292 104
293 389
294 114
295 199
296 104
297 389
298 114
299 199
300 104
301 389
302 114
303 199
304 104
305 389
306 114
307 199
308 104
309 389
310 114
311 199
312 104
313 389
314 114
315 199
316 104
317 389
318 114
319 199
320 104
321 389
322 114
323 199
324 104
325 389
326 114
327 199
328 104
329 389
330 114
331 199
332 104
333 389
334 114
335 199
336 104
337 389
338 114
339 199
340 104
341 389
342 114
343 199
344 104
345 389
346 114
347 199
348 104
349 389
350 114
351 199
352 104
353 389
354 114
355 199
356 104
357 389
358 114
359 199
360 104
361 389
362 114
363 199
364 104
365 389
366 114
367 199
368 104
369 389
370 114
371 199
372 104
373 389
374 114
375 199
376 104
377 389
378 114
379 199
380 104
381 389
382 114
383 199
384 104
385 389
386 114
387 199
388 104
389 389
390 114
391 199
392 104
393 389
394 114
395 199
396 104
397 389
398 114
399 199
