0 4
1 73
2 82
3 95
4 4
5 73
6 82
7 95
8 4
9 73
10 82
11 95
12 4
13 73
14 82
15 95
16 4
17 73
18 82
19 95
20 4
21 73
22 82
23 95
24 4
25 73
26 82
27 95
28 4
29 73
30 82
31 95
32 4
33 73
34 82
35 95
36 4
37 73
38 82
39 95
40 4
41 73
42 82
43 95
44 4
45 73
46 82
47 95
48 4
49 73
50 82
51 95
52 4
53 73
54 82
55 95
56 4
57 73
58 82
59 95
60 4
61 73
62 82
63 95
64 4
65 73
66 82
67 95
68 4
69 73
70 82
71 95
72 4
73 73
74 82
75 95
76 4
77 73
78 82
79 95
80 4
81 73
82 82
83 95
84 4
85 73
86 82
87 95
88 4
89 73
90 82
91 95
92 4
93 73
94 82
95 95
96 4
97 73
98 82
99 95
