0 648
1 321
2 418
3 495
4 648
5 321
6 418
7 495
8 648
9 321
10 418
11 495
12 648
13 321
14 418
15 495
16 648
17 321
18 418
19 495
20 648
21 321
22 418
23 495
24 648
25 321
26 418
27 495
28 648
29 321
30 418
31 495
32 648
33 321
34 418
35 495
36 648
37 321
38 418
39 495
40 648
41 321
42 418
43 495
44 648
45 321
46 418
47 495
48 648
49 321
50 418
51 495
52 648
53 321
54 418
55 495
56 648
57 321
58 418
59 495
60 648
61 321
62 418
63 495
64 648
65 321
66 418
67 495
68 648
69 321
70 418
71 495
72 648
73 321
74 418
75 495
76 648
77 321
78 418
79 495
80 648
81 321
82 418
83 495
84 648
85 321
86 418
87 495
88 648
89 321
90 418
91 495
92 648
93 321
94 418
95 495
96 648
97 321
98 418
99 495
100 648
101 321
102 418
103 495
104 648
105 321
106 418
107 495
108 648
109 321
110 418
111 495
112 648
113 321
114 418
115 495
116 648
117 321
118 418
119 495
120 648
121 321
122 418
123 495
124 648
125 321
126 418
127 495
128 648
129 321
130 418
131 495
132 648
133 321
134 418
135 495
136 648
137 321
138 418
139 495
140 648
141 321
142 418
143 495
144 648
145 321
146 418
147 495
148 648
149 321
150 418
151 495
152 648
153 321
154 418
155 495
156 648
157 321
158 418
159 495
160 648
161 321
162 418
163 495
164 648
165 321
166 418
167 495
168 648
169 321
170 418
171 495
172 648
173 321
174 418
175 495
176 648
177 321
178 418
179 495
180 648
181 321
182 418
183 495
184 648
185 321
186 418
187 495
188 648
189 321
190 418
191 495
192 648
193 321
194 418
195 495
196 648
197 321
198 418
199 495
200 648
201 321
202 418
203 495
204 648
205 321
206 418
207 495
208 648
209 321
210 418
211 495
212 648
213 321
214 418
215 495
216 648
217 321
218 418
219 495
220 648
221 321
222 418
223 495
224 648
225 321
226 418
227 495
228 648
229 321
230 418
231 495
232 648
233 321
234 418
235 495
236 648
237 321
238 418
239 495
240 648
241 321
242 418
243 495
244 648
245 321
246 418
247 495
248 648
249 321
250 418
251 495
252 648
253 321
254 418
255 495
256 648
257 321
258 418
259 495
260 648
261 321
262 418
263 495
264 648
265 321
266 418
267 495
268 648
269 321
270 418
271 495
272 648
273 321
274 418
275 495
276 648
277 321
278 418
279 495
280 648
281 321
282 418
283 495
284 648
285 321
286 418
287 495
288 648
289 321
290 418
291 495
292 648
293 321
294 418
295 495
296 648
297 321
298 418
299 495
300 648
301 321
302 418
303 495
304 648
305 321
306 418
307 495
308 648
309 321
310 418
311 495
312 648
313 321
314 418
315 495
316 648
317 321
318 418
319 495
320 648
321 321
322 418
323 495
324 648
325 321
326 418
327 495
328 648
329 321
330 418
331 495
332 648
333 321
334 418
335 495
336 648
337 321
338 418
339 495
340 648
341 321
342 418
343 495
344 648
345 321
346 418
347 495
348 648
349 321
350 418
351 495
352 648
353 321
354 418
355 495
356 648
357 321
358 418
359 495
360 648
361 321
362 418
363 495
364 648
365 321
366 418
367 495
368 648
369 321
370 418
371 495
372 648
373 321
374 418
375 495
376 648
377 321
378 418
379 495
380 648
381 321
382 418
383 495
384 648
385 321
386 418
387 495
388 648
389 321
390 418
391 495
392 648
393 321
394 418
395 495
396 648
397 321
398 418
399 495
400 648
401 321
402 418
403 495
404 648
405 321
406 418
407 495
408 648
409 321
410 418
411 495
412 648
413 321
414 418
415 495
416 648
417 321
418 418
419 495
420 648
421 321
422 418
423 495
424 648
425 321
426 418
427 495
428 648
429 321
430 418
431 495
432 648
433 321
434 418
435 495
436 648
437 321
438 418
439 495
440 648
441 321
442 418
443 495
444 648
445 321
446 418
447 495
448 648
449 321
450 418
451 495
452 648
453 321
454 418
455 495
456 648
457 321
458 418
459 495
460 648
461 321
462 418
463 495
464 648
465 321
466 418
467 495
468 648
469 321
470 418
471 495
472 648
473 321
474 418
475 495
476 648
477 321
478 418
479 495
480 648
481 321
482 418
483 495
484 648
485 321
486 418
487 495
488 648
489 321
490 418
491 495
492 648
493 321
494 418
495 495
496 648
497 321
498 418
499 495
500 648
501 321
502 418
503 495
504 648
505 321
506 418
507 495
508 648
509 321
510 418
511 495
512 648
513 321
514 418
515 495
516 648
517 321
518 418
519 495
520 648
521 321
522 418
523 495
524 648
525 321
526 418
527 495
528 648
529 321
530 418
531 495
532 648
533 321
534 418
535 495
536 648
537 321
538 418
539 495
540 648
541 321
542 418
543 495
544 648
545 321
546 418
547 495
548 648
549 321
550 418
551 495
552 648
553 321
554 418
555 495
556 648
557 321
558 418
559 495
560 648
561 321
562 418
563 495
564 648
565 321
566 418
567 495
568 648
569 321
570 418
571 495
572 648
573 321
574 418
575 495
576 648
577 321
578 418
579 495
580 648
581 321
582 418
583 495
584 648
585 321
586 418
587 495
588 648
589 321
590 418
591 495
592 648
593 321
594 418
595 495
596 648
597 321
598 418
599 495
600 648
601 321
602 418
603 495
604 648
605 321
606 418
607 495
608 648
609 321
610 418
611 495
612 648
613 321
614 418
615 495
616 648
617 321
618 418
619 495
620 648
621 321
622 418
623 495
624 648
625 321
626 418
627 495
628 648
629 321
630 418
631 495
632 648
633 321
634 418
635 495
636 648
637 321
638 418
639 495
640 648
641 321
642 418
643 495
644 648
645 321
646 418
647 495
648 648
649 321
650 418
651 495
652 648
653 321
654 418
655 495
656 648
657 321
658 418
659 495
660 648
661 321
662 418
663 495
664 648
665 321
666 418
667 495
668 648
669 321
670 418
671 495
672 648
673 321
674 418
675 495
676 648
677 321
678 418
679 495
680 648
681 321
682 418
683 495
684 648
685 321
686 418
687 495
688 648
689 321
690 418
691 495
692 648
693 321
694 418
695 495
696 648
697 321
698 418
699 495
700 648
701 321
702 418
703 495
704 648
705 321
706 418
707 495
708 648
709 321
710 418
711 495
712 648
713 321
714 418
715 495
716 648
717 321
718 418
719 495
720 648
721 321
722 418
723 495
724 648
725 321
726 418
727 495
728 648
729 321
730 418
731 495
732 648
733 321
734 418
735 495
736 648
737 321
738 418
739 495
740 648
741 321
742 418
743 495
744 648
745 321
746 418
747 495
748 648
749 321
750 418
751 495
752 648
753 321
754 418
755 495
756 648
757 321
758 418
759 495
760 648
761 321
762 418
763 495
764 648
765 321
766 418
767 495
768 648
769 321
770 418
771 495
772 648
773 321
774 418
775 495
776 648
777 321
778 418
779 495
780 648
781 321
782 418
783 495
784 648
785 321
786 418
787 495
788 648
789 321
790 418
791 495
792 648
793 321
794 418
795 495
796 648
797 321
798 418
799 495
