0 32
1 65
2 2
3 87
4 32
5 65
6 2
7 87
8 32
9 65
10 2
11 87
12 32
13 65
14 2
15 87
16 32
17 65
18 2
19 87
20 32
21 65
22 2
23 87
24 32
25 65
26 2
27 87
28 32
29 65
30 2
31 87
32 32
33 65
34 2
35 87
36 32
37 65
38 2
39 87
40 32
41 65
42 2
43 87
44 32
45 65
46 2
47 87
48 32
49 65
50 2
51 87
52 32
53 65
54 2
55 87
56 32
57 65
58 2
59 87
60 32
61 65
62 2
63 87
64 32
65 65
66 2
67 87
68 32
69 65
70 2
71 87
72 32
73 65
74 2
75 87
76 32
77 65
78 2
79 87
80 32
81 65
82 2
83 87
84 32
85 65
86 2
87 87
88 32
89 65
90 2
91 87
92 32
93 65
94 2
95 87
96 32
97 65
98 2
99 87
