0 3
1 0
2 2
3 1
4 3
5 0
6 2
7 1
8 3
9 0
10 2
11 1
12 3
13 0
14 2
15 1
16 3
17 0
18 2
19 1
20 3
21 0
22 2
23 1
24 3
25 0
26 2
27 1
28 3
29 0
30 2
31 1
32 3
33 0
34 2
35 1
36 3
37 0
38 2
39 1
40 3
41 0
42 2
43 1
44 3
45 0
46 2
47 1
48 3
49 0
50 2
51 1
52 3
53 0
54 2
55 1
56 3
57 0
58 2
59 1
60 3
61 0
62 2
63 1
64 3
65 0
66 2
67 1
68 3
69 0
70 2
71 1
72 3
73 0
74 2
75 1
76 3
77 0
78 2
79 1
80 3
81 0
82 2
83 1
84 3
85 0
86 2
87 1
88 3
89 0
90 2
91 1
92 3
93 0
94 2
95 1
96 3
97 0
98 2
99 1
100 3
101 0
102 2
103 1
104 3
105 0
106 2
107 1
108 3
109 0
110 2
111 1
112 3
113 0
114 2
115 1
116 3
117 0
118 2
119 1
120 3
121 0
122 2
123 1
124 3
125 0
126 2
127 1
128 3
129 0
130 2
131 1
132 3
133 0
134 2
135 1
136 3
137 0
138 2
139 1
140 3
141 0
142 2
143 1
144 3
145 0
146 2
147 1
148 3
149 0
150 2
151 1
152 3
153 0
154 2
155 1
156 3
157 0
158 2
159 1
160 3
161 0
162 2
163 1
164 3
165 0
166 2
167 1
168 3
169 0
170 2
171 1
172 3
173 0
174 2
175 1
176 3
177 0
178 2
179 1
180 3
181 0
182 2
183 1
184 3
185 0
186 2
187 1
188 3
189 0
190 2
191 1
192 3
193 0
194 2
195 1
196 3
197 0
198 2
199 1
200 3
201 0
202 2
203 1
204 3
205 0
206 2
207 1
208 3
209 0
210 2
211 1
212 3
213 0
214 2
215 1
216 3
217 0
218 2
219 1
220 3
221 0
222 2
223 1
224 3
225 0
226 2
227 1
228 3
229 0
230 2
231 1
232 3
233 0
234 2
235 1
236 3
237 0
238 2
239 1
240 3
241 0
242 2
243 1
244 3
245 0
246 2
247 1
248 3
249 0
250 2
251 1
252 3
253 0
254 2
255 1
256 3
257 0
258 2
259 1
260 3
261 0
262 2
263 1
264 3
265 0
266 2
267 1
268 3
269 0
270 2
271 1
272 3
273 0
274 2
275 1
276 3
277 0
278 2
279 1
280 3
281 0
282 2
283 1
284 3
285 0
286 2
287 1
288 3
289 0
290 2
291 1
292 3
293 0
294 2
295 1
296 3
297 0
298 2
299 1
300 3
301 0
302 2
303 1
304 3
305 0
306 2
307 1
308 3
309 0
310 2
311 1
312 3
313 0
314 2
315 1
316 3
317 0
318 2
319 1
320 3
321 0
322 2
323 1
324 3
325 0
326 2
327 1
328 3
329 0
330 2
331 1
332 3
333 0
334 2
335 1
336 3
337 0
338 2
339 1
340 3
341 0
342 2
343 1
344 3
345 0
346 2
347 1
348 3
349 0
350 2
351 1
352 3
353 0
354 2
355 1
356 3
357 0
358 2
359 1
360 3
361 0
362 2
363 1
364 3
365 0
366 2
367 1
368 3
369 0
370 2
371 1
372 3
373 0
374 2
375 1
376 3
377 0
378 2
379 1
380 3
381 0
382 2
383 1
384 3
385 0
386 2
387 1
388 3
389 0
390 2
391 1
392 3
393 0
394 2
395 1
396 3
397 0
398 2
399 1
0 0
1 1
2 2
3 3
