0 152
1 109
2 302
3 75
4 152
5 109
6 302
7 75
8 152
9 109
10 302
11 75
12 152
13 109
14 302
15 75
16 152
17 109
18 302
19 75
20 152
21 109
22 302
23 75
24 152
25 109
26 302
27 75
28 152
29 109
30 302
31 75
32 152
33 109
34 302
35 75
36 152
37 109
38 302
39 75
40 152
41 109
42 302
43 75
44 152
45 109
46 302
47 75
48 152
49 109
50 302
51 75
52 152
53 109
54 302
55 75
56 152
57 109
58 302
59 75
60 152
61 109
62 302
63 75
64 152
65 109
66 302
67 75
68 152
69 109
70 302
71 75
72 152
73 109
74 302
75 75
76 152
77 109
78 302
79 75
80 152
81 109
82 302
83 75
84 152
85 109
86 302
87 75
88 152
89 109
90 302
91 75
92 152
93 109
94 302
95 75
96 152
97 109
98 302
99 75
100 152
101 109
102 302
103 75
104 152
105 109
106 302
107 75
108 152
109 109
110 302
111 75
112 152
113 109
114 302
115 75
116 152
117 109
118 302
119 75
120 152
121 109
122 302
123 75
124 152
125 109
126 302
127 75
128 152
129 109
130 302
131 75
132 152
133 109
134 302
135 75
136 152
137 109
138 302
139 75
140 152
141 109
142 302
143 75
144 152
145 109
146 302
147 75
148 152
149 109
150 302
151 75
152 152
153 109
154 302
155 75
156 152
157 109
158 302
159 75
160 152
161 109
162 302
163 75
164 152
165 109
166 302
167 75
168 152
169 109
170 302
171 75
172 152
173 109
174 302
175 75
176 152
177 109
178 302
179 75
180 152
181 109
182 302
183 75
184 152
185 109
186 302
187 75
188 152
189 109
190 302
191 75
192 152
193 109
194 302
195 75
196 152
197 109
198 302
199 75
200 152
201 109
202 302
203 75
204 152
205 109
206 302
207 75
208 152
209 109
210 302
211 75
212 152
213 109
214 302
215 75
216 152
217 109
218 302
219 75
220 152
221 109
222 302
223 75
224 152
225 109
226 302
227 75
228 152
229 109
230 302
231 75
232 152
233 109
234 302
235 75
236 152
237 109
238 302
239 75
240 152
241 109
242 302
243 75
244 152
245 109
246 302
247 75
248 152
249 109
250 302
251 75
252 152
253 109
254 302
255 75
256 152
257 109
258 302
259 75
260 152
261 109
262 302
263 75
264 152
265 109
266 302
267 75
268 152
269 109
270 302
271 75
272 152
273 109
274 302
275 75
276 152
277 109
278 302
279 75
280 152
281 109
282 302
283 75
284 152
285 109
286 302
287 75
288 152
289 109
290 302
291 75
292 152
293 109
294 302
295 75
296 152
297 109
298 302
299 75
300 152
301 109
302 302
303 75
304 152
305 109
306 302
307 75
308 152
309 109
310 302
311 75
312 152
313 109
314 302
315 75
316 152
317 109
318 302
319 75
320 152
321 109
322 302
323 75
324 152
325 109
326 302
327 75
328 152
329 109
330 302
331 75
332 152
333 109
334 302
335 75
336 152
337 109
338 302
339 75
340 152
341 109
342 302
343 75
344 152
345 109
346 302
347 75
348 152
349 109
350 302
351 75
352 152
353 109
354 302
355 75
356 152
357 109
358 302
359 75
360 152
361 109
362 302
363 75
364 152
365 109
366 302
367 75
368 152
369 109
370 302
371 75
372 152
373 109
374 302
375 75
376 152
377 109
378 302
379 75
380 152
381 109
382 302
383 75
384 152
385 109
386 302
387 75
388 152
389 109
390 302
391 75
392 152
393 109
394 302
395 75
396 152
397 109
398 302
399 75
