0 12
1 33
2 12
3 95
4 12
5 33
6 12
7 95
8 12
9 33
10 12
11 95
12 12
13 33
14 12
15 95
16 12
17 33
18 12
19 95
20 12
21 33
22 12
23 95
24 12
25 33
26 12
27 95
28 12
29 33
30 12
31 95
32 12
33 33
34 12
35 95
36 12
37 33
38 12
39 95
40 12
41 33
42 12
43 95
44 12
45 33
46 12
47 12
48 12
49 33
50 12
51 95
52 12
53 33
54 12
55 95
56 12
57 33
58 12
59 95
60 12
61 33
62 12
63 95
64 12
65 33
66 12
67 95
68 12
69 33
70 12
71 95
72 12
73 33
74 12
75 95
76 12
77 33
78 12
79 95
80 12
81 33
82 12
83 95
84 12
85 33
86 12
87 95
88 12
89 33
90 12
91 95
92 12
93 33
94 12
95 95
96 12
97 33
98 12
99 95
