0 84
1 74
2 86
3 31
4 84
5 74
6 86
7 31
8 84
9 74
10 86
11 31
12 84
13 74
14 86
15 31
16 84
17 74
18 86
19 31
20 84
21 74
22 86
23 31
24 84
25 74
26 86
27 31
28 84
29 74
30 86
31 31
32 84
33 74
34 86
35 31
36 84
37 74
38 86
39 31
40 84
41 74
42 86
43 31
44 84
45 74
46 86
47 31
48 84
49 74
50 86
51 31
52 84
53 74
54 86
55 31
56 84
57 74
58 86
59 31
60 84
61 74
62 86
63 31
64 84
65 74
66 86
67 31
68 84
69 74
70 86
71 31
72 84
73 74
74 86
75 31
76 84
77 74
78 86
79 31
80 84
81 74
82 86
83 31
84 84
85 74
86 86
87 31
88 84
89 74
90 86
91 31
92 84
93 74
94 86
95 31
96 84
97 74
98 86
99 31
