0 108
1 197
2 342
3 342
4 108
5 197
6 342
7 342
8 108
9 197
10 342
11 342
12 108
13 197
14 342
15 342
16 108
17 197
18 342
19 342
20 108
21 197
22 342
23 342
24 108
25 197
26 342
27 342
28 108
29 197
30 342
31 342
32 108
33 197
34 342
35 342
36 108
37 197
38 342
39 342
40 108
41 197
42 342
43 342
44 108
45 197
46 342
47 342
48 108
49 197
50 342
51 342
52 108
53 197
54 342
55 342
56 108
57 197
58 342
59 342
60 108
61 197
62 342
63 342
64 108
65 197
66 342
67 342
68 108
69 197
70 342
71 342
72 108
73 197
74 342
75 342
76 108
77 197
78 342
79 342
80 108
81 197
82 342
83 342
84 108
85 197
86 342
87 342
88 108
89 197
90 342
91 342
92 108
93 197
94 342
95 342
96 108
97 197
98 342
99 342
100 108
101 197
102 342
103 342
104 108
105 197
106 342
107 342
108 108
109 197
110 342
111 342
112 108
113 197
114 342
115 342
116 108
117 197
118 342
119 342
120 108
121 197
122 342
123 342
124 108
125 197
126 342
127 342
128 108
129 197
130 342
131 342
132 108
133 197
134 342
135 342
136 108
137 197
138 342
139 342
140 108
141 197
142 342
143 342
144 108
145 197
146 342
147 342
148 108
149 197
150 342
151 342
152 108
153 197
154 342
155 342
156 108
157 197
158 342
159 342
160 108
161 197
162 342
163 342
164 108
165 197
166 342
167 342
168 108
169 197
170 342
171 342
172 108
173 197
174 342
175 342
176 108
177 197
178 342
179 342
180 108
181 197
182 342
183 342
184 108
185 197
186 342
187 342
188 108
189 197
190 342
191 342
192 108
193 197
194 342
195 342
196 108
197 197
198 342
199 342
200 108
201 197
202 342
203 342
204 108
205 197
206 342
207 342
208 108
209 197
210 342
211 342
212 108
213 197
214 342
215 342
216 108
217 197
218 342
219 342
220 108
221 197
222 342
223 342
224 108
225 197
226 342
227 342
228 108
229 197
230 342
231 342
232 108
233 197
234 342
235 342
236 108
237 197
238 342
239 342
240 108
241 197
242 342
243 342
244 108
245 197
246 342
247 342
248 108
249 197
250 342
251 342
252 108
253 197
254 342
255 342
256 108
257 197
258 342
259 342
260 108
261 197
262 342
263 342
264 108
265 197
266 342
267 342
268 108
269 197
270 342
271 342
272 108
273 197
274 342
275 342
276 108
277 197
278 342
279 342
280 108
281 197
282 342
283 342
284 108
285 197
286 342
287 342
288 108
289 197
290 342
291 342
292 108
293 197
294 342
295 342
296 108
297 197
298 342
299 342
300 108
301 197
302 342
303 342
304 108
305 197
306 342
307 342
308 108
309 197
310 342
311 342
312 108
313 197
314 342
315 342
316 108
317 197
318 342
319 342
320 108
321 197
322 342
323 342
324 108
325 197
326 342
327 342
328 108
329 197
330 342
331 342
332 108
333 197
334 342
335 342
336 108
337 197
338 342
339 342
340 108
341 197
342 342
343 342
344 108
345 197
346 342
347 342
348 108
349 197
350 342
351 342
352 108
353 197
354 342
355 342
356 108
357 197
358 342
359 342
360 108
361 197
362 342
363 342
364 108
365 197
366 342
367 342
368 108
369 197
370 342
371 342
372 108
373 197
374 342
375 342
376 108
377 197
378 342
379 342
380 108
381 197
382 342
383 342
384 108
385 197
386 342
387 342
388 108
389 197
390 342
391 342
392 108
393 197
394 342
395 342
396 108
397 197
398 342
399 342
