0 1
1 0
2 2
3 3
4 1
5 0
6 2
7 3
8 1
9 0
10 2
11 3
12 1
13 0
14 2
15 3
16 1
17 0
18 2
19 3
20 1
21 0
22 2
23 3
24 1
25 0
26 2
27 3
28 1
29 0
30 2
31 3
32 1
33 0
34 2
35 3
36 1
37 0
38 2
39 3
40 1
41 0
42 2
43 3
44 1
45 0
46 2
47 3
48 1
49 0
50 2
51 3
52 1
53 0
54 2
55 3
56 1
57 0
58 2
59 3
60 1
61 0
62 2
63 3
64 1
65 0
66 2
67 3
68 1
69 0
70 2
71 3
72 1
73 0
74 2
75 3
76 1
77 0
78 2
79 3
80 1
81 0
82 2
83 3
84 1
85 0
86 2
87 3
88 1
89 0
90 2
91 3
92 1
93 0
94 2
95 3
96 1
97 0
98 2
99 3
100 1
101 0
102 2
103 3
104 1
105 0
106 2
107 3
108 1
109 0
110 2
111 3
112 1
113 0
114 2
115 3
116 1
117 0
118 2
119 3
120 1
121 0
122 2
123 3
124 1
125 0
126 2
127 3
128 1
129 0
130 2
131 3
132 1
133 0
134 2
135 3
136 1
137 0
138 2
139 3
140 1
141 0
142 2
143 3
144 1
145 0
146 2
147 3
148 1
149 0
150 2
151 3
152 1
153 0
154 2
155 3
156 1
157 0
158 2
159 3
160 1
161 0
162 2
163 3
164 1
165 0
166 2
167 3
168 1
169 0
170 2
171 3
172 1
173 0
174 2
175 3
176 1
177 0
178 2
179 3
180 1
181 0
182 2
183 3
184 1
185 0
186 2
187 3
188 1
189 0
190 2
191 3
192 1
193 0
194 2
195 3
196 1
197 0
198 2
199 3
200 1
201 0
202 2
203 3
204 1
205 0
206 2
207 3
208 1
209 0
210 2
211 3
212 1
213 0
214 2
215 3
216 1
217 0
218 2
219 3
220 1
221 0
222 2
223 3
224 1
225 0
226 2
227 3
228 1
229 0
230 2
231 3
232 1
233 0
234 2
235 3
236 1
237 0
238 2
239 3
240 1
241 0
242 2
243 3
244 1
245 0
246 2
247 3
248 1
249 0
250 2
251 3
252 1
253 0
254 2
255 3
256 1
257 0
258 2
259 3
260 1
261 0
262 2
263 3
264 1
265 0
266 2
267 3
268 1
269 0
270 2
271 3
272 1
273 0
274 2
275 3
276 1
277 0
278 2
279 3
280 1
281 0
282 2
283 3
284 1
285 0
286 2
287 3
288 1
289 0
290 2
291 3
292 1
293 0
294 2
295 3
296 1
297 0
298 2
299 3
300 1
301 0
302 2
303 3
304 1
305 0
306 2
307 3
308 1
309 0
310 2
311 3
312 1
313 0
314 2
315 3
316 1
317 0
318 2
319 3
320 1
321 0
322 2
323 3
324 1
325 0
326 2
327 3
328 1
329 0
330 2
331 3
332 1
333 0
334 2
335 3
336 1
337 0
338 2
339 3
340 1
341 0
342 2
343 3
344 1
345 0
346 2
347 3
348 1
349 0
350 2
351 3
352 1
353 0
354 2
355 3
356 1
357 0
358 2
359 3
360 1
361 0
362 2
363 3
364 1
365 0
366 2
367 3
368 1
369 0
370 2
371 3
372 1
373 0
374 2
375 3
376 1
377 0
378 2
379 3
380 1
381 0
382 2
383 3
384 1
385 0
386 2
387 3
388 1
389 0
390 2
391 3
392 1
393 0
394 2
395 3
396 1
397 0
398 2
399 3
0 0
1 1
2 2
3 3
