0 50
1 88
2 50
3 59
4 50
5 88
6 50
7 59
8 50
9 88
10 50
11 59
12 50
13 88
14 50
15 59
16 50
17 88
18 50
19 59
20 50
21 88
22 50
23 59
24 50
25 88
26 50
27 59
28 50
29 88
30 50
31 59
32 50
33 88
34 50
35 59
36 50
37 88
38 50
39 59
40 50
41 88
42 50
43 59
44 50
45 88
46 50
47 59
48 50
49 88
50 50
51 59
52 50
53 88
54 50
55 59
56 50
57 88
58 50
59 59
60 50
61 88
62 50
63 59
64 50
65 88
66 50
67 59
68 50
69 88
70 50
71 59
72 50
73 88
74 50
75 59
76 50
77 88
78 50
79 59
80 50
81 88
82 50
83 59
84 50
85 88
86 50
87 59
88 50
89 88
90 50
91 59
92 50
93 88
94 50
95 59
96 50
97 88
98 50
99 59
