0 47
1 253
2 334
3 47
4 47
5 253
6 334
7 47
8 47
9 253
10 334
11 47
12 47
13 253
14 334
15 47
16 47
17 253
18 334
19 47
20 47
21 253
22 334
23 47
24 47
25 253
26 334
27 47
28 47
29 253
30 334
31 47
32 47
33 253
34 334
35 47
36 47
37 253
38 334
39 47
40 47
41 253
42 334
43 47
44 47
45 253
46 334
47 47
48 47
49 253
50 334
51 47
52 47
53 253
54 334
55 47
56 47
57 253
58 334
59 47
60 47
61 253
62 334
63 47
64 47
65 253
66 334
67 47
68 47
69 253
70 334
71 47
72 47
73 253
74 334
75 47
76 47
77 253
78 334
79 47
80 47
81 253
82 334
83 47
84 47
85 253
86 334
87 47
88 47
89 253
90 334
91 47
92 47
93 253
94 334
95 47
96 47
97 253
98 334
99 47
100 47
101 253
102 334
103 47
104 47
105 253
106 334
107 47
108 47
109 253
110 334
111 47
112 47
113 253
114 334
115 47
116 47
117 253
118 334
119 47
120 47
121 253
122 334
123 47
124 47
125 253
126 334
127 47
128 47
129 253
130 334
131 47
132 47
133 253
134 334
135 47
136 47
137 253
138 334
139 47
140 47
141 253
142 334
143 47
144 47
145 253
146 334
147 47
148 47
149 253
150 334
151 47
152 47
153 253
154 334
155 47
156 47
157 253
158 334
159 47
160 47
161 253
162 334
163 47
164 47
165 253
166 334
167 47
168 47
169 253
170 334
171 47
172 47
173 253
174 334
175 47
176 47
177 253
178 334
179 47
180 47
181 253
182 334
183 47
184 47
185 253
186 334
187 47
188 47
189 253
190 334
191 47
192 47
193 253
194 334
195 47
196 47
197 253
198 334
199 47
200 47
201 253
202 334
203 47
204 47
205 253
206 334
207 47
208 47
209 253
210 334
211 47
212 47
213 253
214 334
215 47
216 47
217 253
218 334
219 47
220 47
221 253
222 334
223 47
224 47
225 253
226 334
227 47
228 47
229 253
230 334
231 47
232 47
233 253
234 334
235 47
236 47
237 253
238 334
239 47
240 47
241 253
242 334
243 47
244 47
245 253
246 334
247 47
248 47
249 253
250 334
251 47
252 47
253 253
254 334
255 47
256 47
257 253
258 334
259 47
260 47
261 253
262 334
263 47
264 47
265 253
266 334
267 47
268 47
269 253
270 334
271 47
272 47
273 253
274 334
275 47
276 47
277 253
278 334
279 47
280 47
281 253
282 334
283 47
284 47
285 253
286 334
287 47
288 47
289 253
290 334
291 47
292 47
293 253
294 334
295 47
296 47
297 253
298 334
299 47
300 47
301 253
302 334
303 47
304 47
305 253
306 334
307 47
308 47
309 253
310 334
311 47
312 47
313 253
314 334
315 47
316 47
317 253
318 334
319 47
320 47
321 253
322 334
323 47
324 47
325 253
326 334
327 47
328 47
329 253
330 334
331 47
332 47
333 253
334 334
335 47
336 47
337 253
338 334
339 47
340 47
341 253
342 334
343 47
344 47
345 253
346 334
347 47
348 47
349 253
350 334
351 47
352 47
353 253
354 334
355 47
356 47
357 253
358 334
359 47
360 47
361 253
362 334
363 47
364 47
365 253
366 334
367 47
368 47
369 253
370 334
371 47
372 47
373 253
374 334
375 47
376 47
377 253
378 334
379 47
380 47
381 253
382 334
383 47
384 47
385 253
386 334
387 47
388 47
389 253
390 334
391 47
392 47
393 253
394 334
395 47
396 47
397 253
398 334
399 47
