0 8
1 3
2 0
3 7
4 8
5 7
6 6
7 0
8 7
9 1
10 8
11 2
12 7
13 2
14 3
15 1
16 7
17 1
18 3
19 0
20 0
21 7
22 0
23 8
24 8
25 1
26 3
27 5
28 8
29 8
30 5
31 4
32 6
33 7
34 7
35 8
36 5
37 7
38 1
39 0
40 8
41 7
42 6
43 0
44 6
45 7
46 0
47 4
48 0
49 7
50 1
51 8
52 1
53 5
54 0
55 1
56 1
57 5
58 7
59 7
60 0
61 1
62 1
63 1
64 0
65 2
66 6
67 7
68 4
69 7
70 0
71 1
72 0
73 7
74 4
75 3
76 2
77 7
78 0
79 3
80 0
81 8
82 4
83 2
84 8
85 8
86 4
87 4
88 0
89 8
90 1
91 4
92 8
93 7
94 7
95 7
96 2
97 1
98 8
99 6
100 0
101 3
102 1
103 1
104 2
105 2
106 1
107 8
108 8
109 7
110 7
111 3
112 8
113 6
114 4
115 3
116 7
117 3
118 8
119 5
120 8
121 7
122 8
123 4
124 0
125 1
126 1
127 5
128 8
129 0
130 6
131 5
132 5
133 4
134 2
135 4
136 4
137 0
138 7
139 8
140 7
141 2
142 5
143 5
144 0
145 4
146 1
147 6
148 7
149 8
150 7
151 5
152 0
153 2
154 1
155 0
156 8
157 1
158 0
159 5
160 5
161 0
162 1
163 5
164 6
165 2
166 2
167 5
168 8
169 8
170 3
171 7
172 0
173 7
174 8
175 1
176 1
177 5
178 0
179 7
180 1
181 5
182 8
183 7
184 7
185 2
186 4
187 7
188 3
189 7
190 0
191 6
192 8
193 8
194 0
195 8
196 2
197 2
198 3
199 5
200 4
201 7
202 8
203 3
204 5
205 8
206 0
207 0
208 6
209 2
210 8
211 6
212 6
213 8
214 8
215 8
216 6
217 8
218 8
219 8
220 2
221 0
222 1
223 8
224 8
225 6
226 4
227 8
228 7
229 3
230 8
231 1
232 0
233 1
234 4
235 5
236 6
237 5
238 2
239 2
240 0
241 8
242 1
243 7
244 7
245 4
246 7
247 3
248 7
249 3
250 8
251 2
252 1
253 7
254 7
255 1
256 8
257 6
258 2
259 4
260 1
261 7
262 8
263 6
264 4
265 6
266 7
267 6
268 1
269 3
270 7
271 8
272 4
273 6
274 1
275 2
276 6
277 6
278 1
279 3
280 3
281 7
282 0
283 7
284 7
285 1
286 6
287 5
288 0
289 2
290 2
291 0
292 5
293 6
294 0
295 6
296 7
297 7
298 0
299 7
300 5
301 7
302 5
303 0
304 3
305 6
306 0
307 2
308 4
309 7
310 6
311 7
312 1
313 5
314 5
315 5
316 7
317 2
318 7
319 8
320 6
321 0
322 0
323 7
324 0
325 7
326 8
327 1
328 1
329 0
330 6
331 5
332 2
333 4
334 4
335 6
336 1
337 1
338 5
339 7
340 1
341 0
342 3
343 8
344 7
345 7
346 8
347 1
348 8
349 6
350 3
351 2
352 3
353 1
354 0
355 4
356 0
357 0
358 1
359 1
360 3
361 3
362 7
363 3
364 3
365 0
366 8
367 1
368 6
369 2
370 5
371 5
372 7
373 8
374 7
375 7
376 5
377 2
378 7
379 1
380 8
381 8
382 8
383 7
384 4
385 3
386 8
387 2
388 0
389 6
390 7
391 8
392 7
393 8
394 8
395 1
396 1
397 7
398 3
399 0
0 0
1 1
2 2
3 3
4 4
5 5
6 6
7 7
8 8
