0 210
0 325
1 381
1 382
2 308
2 360
3 258
3 308
4 341
4 342
5 390
5 398
6 388
6 399
7 205
7 295
8 274
8 385
9 191
9 286
10 243
10 380
11 389
11 390
12 398
12 399
13 278
13 392
14 337
14 364
15 391
15 393
16 384
16 387
17 35
17 381
18 260
18 341
19 255
19 392
20 308
20 322
21 352
21 392
22 386
22 387
23 375
23 389
24 150
24 385
25 374
25 388
26 397
26 399
27 115
27 363
28 386
28 387
29 381
29 397
30 377
30 382
31 376
31 390
32 376
32 390
33 93
33 389
34 170
34 392
35 154
36 378
36 387
37 236
37 379
38 391
38 393
39 293
39 308
40 397
40 398
41 373
41 383
42 397
42 399
43 361
43 369
44 296
44 379
45 152
45 229
46 349
46 362
47 349
47 379
48 348
48 371
49 391
49 393
50 391
50 393
51 342
51 373
52 231
52 392
53 311
53 373
54 90
54 177
55 305
55 315
56 337
56 392
57 290
57 380
58 383
58 388
59 376
59 390
60 398
60 399
61 345
61 392
62 180
62 243
63 391
63 393
64 238
64 371
65 389
65 390
66 276
66 341
67 191
67 369
68 398
68 399
69 234
69 323
70 374
70 388
71 383
71 388
72 353
72 385
73 389
73 390
74 271
74 385
75 202
75 392
76 398
76 399
77 369
77 373
78 305
78 346
79 384
79 386
80 314
80 364
81 352
81 392
82 284
82 389
83 197
83 392
84 306
84 392
85 352
85 392
86 386
86 387
87 333
87 361
88 391
88 393
89 250
89 324
90 238
91 303
91 325
92 296
92 335
93 337
94 314
94 317
95 270
95 356
96 389
96 390
97 375
97 389
98 333
98 383
99 322
99 325
100 351
100 385
101 365
101 392
102 314
102 382
102 393
103 227
103 399
104 373
104 380
105 249
105 327
106 388
106 399
107 335
107 368
108 312
108 365
109 398
109 399
110 391
110 393
111 384
111 387
112 381
112 382
113 357
113 393
114 383
114 388
115 351
116 398
116 399
117 238
117 367
118 384
118 386
119 365
119 392
120 386
120 387
121 389
121 390
122 384
122 386
123 191
123 298
124 314
124 380
125 364
125 380
126 218
126 285
127 306
127 379
128 383
128 388
129 376
129 390
130 340
130 393
131 255
131 392
132 383
132 388
133 148
133 385
134 353
134 356
135 261
135 288
136 280
136 335
137 186
137 380
138 342
138 373
139 389
139 390
140 398
140 399
141 370
141 388
142 377
142 382
143 280
143 379
144 378
144 386
145 388
145 393
146 327
146 337
147 363
147 385
148 363
149 397
149 398
149 399
150 356
150 385
151 305
151 326
151 391
152 345
152 392
153 266
153 361
153 372
154 363
154 373
155 296
155 335
155 349
156 370
156 391
156 393
157 329
157 349
157 379
158 397
158 398
158 399
159 384
159 386
159 387
160 289
160 389
160 390
161 166
161 323
161 385
162 377
162 381
162 382
163 333
163 370
163 383
164 287
164 384
164 387
165 397
165 398
165 399
166 398
166 399
167 308
167 322
167 372
168 216
168 393
169 216
169 288
169 362
170 365
170 392
171 370
171 374
171 388
172 321
172 391
172 393
173 356
173 363
173 385
174 222
174 335
174 379
175 397
175 398
175 399
176 397
176 398
176 399
177 266
177 348
178 298
178 341
178 369
179 307
179 324
179 371
180 232
180 380
181 255
181 278
181 392
182 374
182 397
182 398
183 377
183 381
183 382
184 397
184 398
184 399
185 376
185 389
185 390
186 324
186 371
187 260
187 360
187 373
188 384
188 386
188 387
189 273
189 324
189 367
190 237
190 342
190 380
192 234
192 369
192 373
193 354
193 374
193 389
194 290
194 364
194 380
195 244
195 274
195 385
196 327
196 337
196 380
197 202
197 392
198 240
198 293
198 372
199 292
199 295
199 303
200 321
200 391
200 393
201 389
201 390
201 397
202 296
203 240
203 258
203 372
204 384
204 386
204 387
205 210
205 372
206 332
206 389
206 390
207 283
207 391
207 393
208 367
208 371
208 393
209 376
209 389
209 390
210 372
211 237
211 364
211 380
212 397
212 398
212 399
213 288
213 348
213 367
214 384
214 386
214 387
215 377
215 381
215 382
216 335
216 362
217 268
217 352
217 365
217 392
218 273
218 275
218 349
219 316
219 357
219 391
219 393
220 341
220 343
220 391
220 393
221 376
221 389
221 390
221 399
222 335
222 362
222 367
223 329
223 335
223 362
223 379
224 316
224 343
224 391
224 393
225 378
225 384
225 386
225 387
226 255
226 354
226 383
226 388
227 264
227 317
227 380
228 346
228 353
228 356
228 363
229 268
229 309
229 392
230 396
230 397
230 398
230 399
231 240
231 361
231 372
232 264
232 364
232 380
233 396
233 397
233 398
233 399
234 369
234 373
235 252
235 377
235 381
235 382
236 329
236 349
236 362
237 337
237 369
238 348
239 291
239 352
239 358
239 392
240 292
241 256
241 353
241 356
241 385
242 396
242 397
242 398
242 399
243 314
243 364
244 264
244 353
244 385
245 396
245 397
245 398
245 399
246 275
246 307
246 328
246 371
247 370
247 375
247 389
247 390
248 320
248 339
248 383
248 388
249 397
249 398
249 399
250 252
250 367
250 371
251 254
251 384
251 386
251 387
252 367
252 371
253 333
253 370
253 374
253 388
254 343
254 391
254 393
255 313
256 326
256 347
256 356
256 385
257 316
257 324
257 357
257 391
257 393
258 292
258 295
258 361
259 336
259 374
259 375
259 383
259 388
260 341
260 342
260 373
261 282
261 320
261 383
261 388
262 375
262 376
262 382
262 389
262 390
263 375
263 376
263 389
263 390
263 397
264 327
264 380
265 395
265 396
265 397
265 398
265 399
266 292
266 345
266 372
267 297
267 343
267 357
267 391
267 393
268 291
268 298
268 392
269 271
269 396
269 397
269 398
269 399
270 271
270 353
270 363
270 385
271 326
271 385
272 395
272 396
272 397
272 398
272 399
273 307
273 348
273 367
274 346
274 366
274 385
275 348
275 367
275 371
276 311
276 342
276 360
276 373
277 395
277 396
277 397
277 398
277 399
278 312
278 345
278 392
279 325
279 396
279 397
279 398
279 399
280 288
280 362
280 379
281 339
281 370
281 374
281 383
281 388
282 354
282 374
282 383
282 388
283 294
283 326
283 391
283 393
284 368
284 377
284 381
284 382
285 324
285 348
285 367
285 371
286 298
286 341
286 369
286 373
287 396
287 397
287 398
287 399
288 379
289 358
289 378
289 384
289 386
289 387
290 317
290 337
290 364
290 380
291 313
291 345
291 365
291 392
292 361
292 362
293 295
293 303
293 325
293 361
294 297
294 357
294 391
294 393
294 399
295 322
295 361
296 306
296 379
297 316
297 384
297 391
297 393
298 360
298 369
299 358
299 378
299 384
299 386
299 387
299 398
300 355
300 395
300 396
300 397
300 398
300 399
301 394
301 395
301 396
301 397
301 398
301 399
302 394
302 395
302 396
302 397
302 398
302 399
303 361
303 372
303 383
304 321
304 343
304 357
304 364
304 391
304 393
305 351
305 353
305 385
306 329
306 349
306 379
307 348
307 367
307 394
308 372
309 395
309 396
309 397
309 398
309 399
310 394
310 395
310 396
310 397
310 398
310 399
311 341
311 342
311 360
311 369
312 345
312 352
312 365
312 392
313 345
313 365
313 392
313 395
314 317
314 380
315 319
315 358
315 378
315 384
315 386
315 387
316 357
316 391
316 393
317 327
317 364
317 380
318 319
318 358
318 360
318 378
318 384
318 386
318 387
319 358
319 378
319 384
319 386
319 387
320 336
320 339
320 350
320 374
320 388
321 343
321 357
321 391
321 393
322 325
322 361
322 372
323 326
323 346
323 351
323 363
323 398
324 371
325 372
326 346
326 363
327 337
327 376
328 355
328 359
328 368
328 377
328 381
328 382
329 349
329 362
329 376
329 379
330 350
330 366
330 394
330 395
330 396
330 397
330 398
330 399
331 340
331 347
331 372
331 375
331 376
331 389
331 390
332 344
332 355
332 359
332 368
332 377
332 381
332 382
333 354
333 370
333 383
333 388
334 344
334 355
334 359
334 368
334 377
334 381
334 382
334 396
335 379
336 339
336 354
336 370
336 374
336 383
336 388
336 391
337 380
338 350
338 366
338 391
338 394
338 395
338 396
338 397
338 398
338 399
339 354
339 370
339 374
339 383
339 398
340 347
340 375
340 376
340 389
340 390
341 360
342 360
342 369
343 379
343 391
343 393
344 355
344 359
344 368
344 377
344 381
344 382
345 352
345 365
345 392
346 351
346 353
346 363
346 373
346 385
347 375
347 376
347 389
347 390
348 365
348 371
349 362
349 379
350 366
350 394
350 395
350 396
350 397
350 398
350 399
351 353
351 356
351 363
351 385
351 392
352 365
352 392
352 393
353 372
353 385
354 368
354 370
354 374
354 383
354 388
355 359
355 368
355 377
355 381
355 382
356 363
356 385
356 394
357 381
357 391
357 393
358 378
358 384
358 386
358 387
359 368
359 377
359 381
359 382
360 369
360 373
360 390
361 372
362 379
364 380
364 396
365 392
366 394
366 395
366 396
366 397
366 398
366 399
367 371
367 388
368 377
368 381
368 382
369 373
369 382
370 374
370 383
370 388
371 392
371 395
374 383
374 388
375 376
375 389
375 390
376 389
376 390
377 381
377 382
377 387
377 395
378 384
378 386
378 387
378 394
379 399
381 382
381 397
383 388
384 386
384 387
384 396
385 387
385 390
386 387
386 393
386 394
389 390
389 392
390 398
391 393
394 395
394 396
394 397
394 398
394 399
395 396
395 397
395 398
395 399
396 397
396 398
396 399
397 398
397 399
398 399
