0 11
0 21
0 22
0 24
0 37
0 48
0 52
0 94
0 95
0 96
0 99
0 100
0 101
0 115
0 118
0 121
1 10
1 35
1 42
1 46
1 51
1 60
1 65
1 70
1 85
1 92
1 93
1 105
1 106
1 108
1 112
1 123
2 6
2 15
2 31
2 44
2 53
2 55
2 57
2 63
2 64
2 67
2 68
2 69
2 77
2 83
2 125
2 126
3 19
3 23
3 29
3 32
3 33
3 34
3 40
3 43
3 45
3 59
3 76
3 81
3 84
3 88
3 102
3 114
4 6
4 8
4 14
4 18
4 27
4 30
4 39
4 53
4 57
4 63
4 64
4 68
4 74
4 75
4 83
4 125
5 21
5 24
5 37
5 48
5 52
5 71
5 72
5 90
5 94
5 95
5 98
5 103
5 115
5 118
5 121
5 124
6 15
6 27
6 30
6 44
6 55
6 63
6 64
6 67
6 68
6 69
6 74
6 75
6 84
6 127
7 10
7 17
7 35
7 38
7 46
7 50
7 51
7 65
7 66
7 70
7 80
7 85
7 91
7 92
7 93
7 106
8 9
8 14
8 31
8 39
8 44
8 57
8 62
8 63
8 67
8 68
8 77
8 83
8 122
8 126
8 127
9 13
9 27
9 39
9 44
9 55
9 62
9 67
9 69
9 74
9 75
9 77
9 119
9 125
9 126
9 127
10 12
10 17
10 46
10 50
10 61
10 66
10 80
10 93
10 97
10 105
10 106
10 108
10 112
10 116
11 18
11 22
11 37
11 52
11 71
11 72
11 79
11 87
11 90
11 99
11 100
11 101
11 115
11 118
11 124
12 28
12 35
12 42
12 51
12 65
12 66
12 73
12 80
12 85
12 89
12 92
12 93
12 105
12 112
12 123
13 14
13 27
13 30
13 57
13 62
13 63
13 68
13 74
13 75
13 77
13 81
13 83
13 113
13 125
13 126
14 15
14 27
14 30
14 44
14 55
14 62
14 64
14 67
14 68
14 74
14 83
14 122
14 127
15 27
15 44
15 53
15 55
15 57
15 63
15 67
15 68
15 69
15 74
15 113
15 119
15 125
16 23
16 25
16 33
16 34
16 36
16 40
16 41
16 45
16 56
16 84
16 107
16 109
16 110
16 114
16 117
16 120
17 28
17 38
17 42
17 46
17 50
17 60
17 61
17 66
17 73
17 91
17 93
17 105
17 106
17 116
18 21
18 24
18 52
18 58
18 71
18 72
18 79
18 87
18 90
18 95
18 96
18 98
18 101
18 104
19 20
19 29
19 32
19 33
19 34
19 43
19 49
19 56
19 59
19 84
19 102
19 107
19 114
19 117
19 120
20 23
20 25
20 29
20 33
20 36
20 40
20 43
20 45
20 47
20 49
20 56
20 59
20 81
20 107
20 114
21 22
21 33
21 37
21 52
21 58
21 71
21 78
21 87
21 90
21 100
21 101
21 104
21 118
22 71
22 72
22 95
22 98
22 99
22 100
22 101
22 103
22 104
22 115
22 118
22 121
22 124
23 26
23 32
23 33
23 40
23 41
23 47
23 59
23 84
23 102
23 107
23 109
23 117
23 120
24 58
24 72
24 78
24 79
24 82
24 86
24 90
24 96
24 98
24 99
24 100
24 103
24 124
25 29
25 36
25 45
25 49
25 56
25 59
25 76
25 81
25 88
25 92
25 107
25 110
25 117
25 120
26 29
26 32
26 33
26 41
26 43
26 56
26 59
26 84
26 88
26 102
26 107
26 109
26 111
26 114
26 120
27 30
27 53
27 56
27 62
27 68
27 69
27 74
27 77
27 125
27 126
28 35
28 42
28 60
28 61
28 65
28 66
28 80
28 89
28 91
28 97
28 108
28 112
28 116
28 123
29 32
29 33
29 34
29 36
29 40
29 47
29 49
29 76
29 88
29 107
29 109
30 31
30 39
30 53
30 55
30 64
30 67
30 113
30 122
30 125
30 126
30 127
31 39
31 44
31 55
31 62
31 64
31 75
31 77
31 83
31 102
31 113
31 119
31 122
31 126
32 34
32 40
32 41
32 47
32 56
32 76
32 109
32 111
32 114
32 117
32 120
33 36
33 40
33 43
33 47
33 84
33 88
33 109
33 110
34 41
34 43
34 45
34 47
34 49
34 59
34 76
34 105
34 111
34 117
34 120
35 50
35 51
35 54
35 61
35 66
35 70
35 73
35 89
35 91
35 106
35 108
35 112
36 40
36 41
36 43
36 45
36 47
36 49
36 76
36 81
36 88
36 102
36 111
37 58
37 78
37 87
37 94
37 95
37 98
37 100
37 103
37 104
37 115
37 118
37 124
38 46
38 51
38 61
38 65
38 66
38 70
38 73
38 80
38 89
38 91
38 93
38 106
38 112
38 123
39 44
39 55
39 62
39 63
39 67
39 69
39 77
39 83
39 113
39 119
39 122
40 45
40 47
40 49
40 76
40 81
40 84
40 110
40 120
41 43
41 47
41 49
41 56
41 88
41 102
41 107
41 110
41 111
41 120
42 54
42 61
42 66
42 73
42 85
42 91
42 92
42 93
42 97
42 106
42 116
42 123
43 45
43 49
43 56
43 59
43 81
43 107
43 111
43 117
44 55
44 57
44 63
44 67
44 68
44 75
44 113
44 127
45 59
45 76
45 81
45 102
45 109
45 110
45 111
45 120
46 60
46 66
46 70
46 85
46 92
46 97
46 105
46 106
46 108
46 116
46 123
47 76
47 88
47 102
47 110
47 114
47 117
47 120
48 78
48 79
48 82
48 86
48 87
48 90
48 94
48 95
48 96
48 98
48 103
48 115
48 121
48 124
49 56
49 84
49 107
49 109
49 110
49 111
49 114
50 51
50 54
50 61
50 65
50 66
50 70
50 80
50 85
50 89
50 91
50 93
50 112
51 54
51 65
51 70
51 89
51 91
51 105
51 108
51 112
51 116
51 123
52 72
52 79
52 82
52 94
52 96
52 99
52 101
52 104
52 115
52 118
52 121
53 57
53 62
53 64
53 75
53 83
53 113
53 119
53 122
53 125
53 126
53 127
54 60
54 61
54 65
54 70
54 80
54 85
54 89
54 92
54 93
54 105
54 106
54 123
55 62
55 67
55 69
55 74
55 77
55 122
55 126
56 59
56 81
56 84
56 88
56 107
56 110
57 62
57 63
57 68
57 74
57 83
57 113
57 119
57 122
57 127
58 71
58 78
58 82
58 86
58 87
58 90
58 94
58 95
58 98
58 104
58 118
58 124
59 84
59 91
59 102
59 109
59 110
59 120
60 65
60 70
60 73
60 80
60 85
60 91
60 97
60 108
60 112
60 116
60 123
61 73
61 85
61 92
61 97
61 105
61 108
61 112
61 123
62 68
62 69
62 74
62 77
62 119
62 127
63 64
63 69
63 74
63 83
63 113
63 122
63 126
64 67
64 68
64 74
64 75
64 83
64 122
64 126
64 127
65 73
65 80
65 85
65 93
65 97
65 116
65 123
66 70
66 85
66 106
66 108
66 116
66 123
67 68
67 74
67 119
67 125
67 127
68 75
68 122
68 125
69 77
69 83
69 113
69 116
69 119
69 126
69 127
70 93
70 97
70 106
70 108
70 112
70 123
71 72
71 78
71 82
71 87
71 94
71 95
71 98
71 100
71 104
71 124
72 78
72 79
72 87
72 94
72 96
72 98
72 100
72 118
72 124
73 76
73 80
73 85
73 91
73 97
73 105
73 106
73 116
74 75
74 119
74 125
75 77
75 113
75 119
75 125
75 126
75 127
76 84
76 88
76 107
76 109
76 110
76 111
77 83
77 113
77 119
77 122
77 125
78 90
78 95
78 100
78 101
78 103
78 104
78 118
78 121
78 124
79 82
79 86
79 90
79 96
79 98
79 99
79 100
79 115
79 121
79 124
80 85
80 89
80 92
80 97
80 112
80 116
81 88
81 107
81 109
81 111
81 114
81 117
81 120
82 86
82 87
82 90
82 94
82 95
82 96
82 99
82 100
82 103
82 115
83 113
83 126
83 127
84 109
84 114
84 117
84 120
85 91
85 92
85 108
86 87
86 94
86 96
86 99
86 100
86 101
86 103
86 115
86 118
86 121
86 124
87 96
87 98
87 115
87 118
87 121
87 124
88 102
88 107
88 109
88 111
88 114
89 92
89 97
89 105
89 106
89 108
89 112
89 117
89 123
90 95
90 98
90 101
90 103
90 104
90 118
91 93
91 97
91 112
91 116
92 97
92 105
92 106
92 108
92 112
93 105
93 108
93 112
93 116
94 96
94 99
94 100
94 115
94 121
94 124
95 98
95 99
95 104
95 115
95 121
96 98
96 101
96 103
96 104
96 121
97 106
97 116
97 123
98 99
98 103
99 101
99 103
99 104
99 121
99 124
100 101
100 104
100 118
101 103
101 104
101 115
101 118
102 109
102 110
102 114
102 117
102 120
103 104
103 121
103 124
104 121
105 106
105 108
105 123
107 111
107 117
108 116
109 111
109 114
110 111
110 114
110 117
110 120
111 114
111 117
113 119
113 122
113 125
114 117
115 118
115 121
119 122
119 125
119 127
122 126
122 127
125 126
