0 21
0 26
0 27
0 57
0 60
0 84
0 128
0 215
0 222
0 279
0 295
0 299
0 336
0 340
0 365
0 369
1 13
1 17
1 73
1 111
1 140
1 167
1 174
1 213
1 243
1 244
1 271
1 282
1 338
1 343
1 347
1 353
2 11
2 31
2 36
2 98
2 108
2 184
2 203
2 257
2 260
2 262
2 267
2 281
2 287
2 310
2 312
2 315
3 35
3 52
3 104
3 134
3 143
3 145
3 166
3 204
3 254
3 284
3 311
3 320
3 328
3 359
3 361
3 370
4 19
4 50
4 62
4 85
4 122
4 125
4 138
4 164
4 192
4 220
4 237
4 238
4 242
4 316
4 321
4 376
5 6
5 46
5 48
5 55
5 64
5 72
5 75
5 106
5 119
5 121
5 161
5 186
5 201
5 205
5 317
5 364
6 37
6 40
6 55
6 72
6 102
6 106
6 114
6 131
6 149
6 161
6 175
6 182
6 205
6 236
6 364
7 18
7 25
7 33
7 58
7 67
7 116
7 141
7 154
7 163
7 219
7 234
7 258
7 292
7 307
7 335
7 373
8 32
8 41
8 47
8 53
8 107
8 113
8 142
8 146
8 157
8 160
8 162
8 179
8 183
8 194
8 235
8 248
9 29
9 37
9 45
9 48
9 102
9 114
9 119
9 121
9 149
9 161
9 175
9 178
9 182
9 231
9 236
9 317
10 50
10 62
10 118
10 122
10 138
10 169
10 192
10 200
10 220
10 238
10 242
10 316
10 321
10 333
10 345
10 380
11 23
11 31
11 36
11 98
11 108
11 197
11 223
11 241
11 260
11 262
11 267
11 281
11 308
11 312
11 315
12 15
12 22
12 81
12 99
12 171
12 185
12 195
12 207
12 214
12 221
12 232
12 240
12 285
12 314
12 326
12 363
13 111
13 167
13 209
13 213
13 244
13 249
13 265
13 271
13 278
13 283
13 322
13 338
13 343
13 347
13 354
14 21
14 26
14 27
14 84
14 109
14 124
14 222
14 251
14 275
14 279
14 295
14 327
14 329
14 340
14 369
14 378
15 32
15 81
15 94
15 185
15 195
15 221
15 224
15 227
15 232
15 240
15 263
15 290
15 305
15 326
15 360
16 43
16 74
16 77
16 78
16 80
16 82
16 93
16 112
16 173
16 181
16 190
16 210
16 239
16 296
16 325
16 357
17 148
17 174
17 189
17 209
17 213
17 244
17 252
17 278
17 282
17 337
17 338
17 343
17 350
17 353
17 354
18 33
18 44
18 58
18 63
18 67
18 116
18 141
18 234
18 246
18 258
18 289
18 291
18 307
18 332
18 362
19 62
19 85
19 122
19 138
19 170
19 220
19 237
19 242
19 270
19 316
19 321
19 349
19 376
19 380
19 381
20 52
20 134
20 143
20 145
20 152
20 165
20 166
20 168
20 245
20 272
20 284
20 294
20 302
20 320
20 328
20 359
21 27
21 60
21 124
21 128
21 206
21 215
21 222
21 251
21 275
21 327
21 329
21 336
21 340
21 365
22 94
22 185
22 207
22 214
22 224
22 227
22 232
22 250
22 263
22 264
22 273
22 290
22 326
22 360
22 363
23 31
23 36
23 66
23 97
23 98
23 180
23 184
23 197
23 199
23 223
23 280
23 281
23 318
23 352
23 374
24 31
24 36
24 66
24 97
24 98
24 108
24 197
24 199
24 223
24 257
24 260
24 262
24 280
24 287
24 312
24 371
25 33
25 44
25 116
25 141
25 163
25 208
25 219
25 234
25 246
25 291
25 331
25 332
25 335
25 355
25 368
26 27
26 105
26 109
26 202
26 206
26 211
26 215
26 216
26 222
26 251
26 275
26 295
26 299
26 365
27 57
27 60
27 124
27 202
27 206
27 216
27 268
27 279
27 329
27 336
27 340
27 369
28 50
28 62
28 85
28 122
28 125
28 169
28 192
28 200
28 220
28 316
28 333
28 345
28 349
28 352
28 376
28 380
29 40
29 45
29 48
29 75
29 102
29 114
29 119
29 131
29 149
29 161
29 175
29 178
29 201
29 205
29 364
30 54
30 59
30 79
30 83
30 87
30 92
30 96
30 120
30 129
30 139
30 226
30 247
30 255
30 297
30 303
30 334
31 66
31 97
31 184
31 257
31 262
31 267
31 280
31 300
31 308
31 312
31 315
31 374
32 47
32 95
32 100
32 113
32 126
32 132
32 142
32 150
32 158
32 179
32 194
32 217
32 235
32 248
33 44
33 58
33 116
33 130
33 208
33 228
33 234
33 291
33 307
33 332
33 355
33 362
33 368
34 77
34 93
34 136
34 172
34 173
34 177
34 181
34 210
34 239
34 259
34 266
34 286
34 301
34 309
34 330
34 356
35 134
35 145
35 152
35 153
35 166
35 168
35 204
35 272
35 284
35 302
35 320
35 323
35 359
35 361
35 370
36 66
36 97
36 98
36 180
36 184
36 223
36 241
36 257
36 267
36 312
36 315
36 318
37 45
37 48
37 64
37 72
37 75
37 102
37 106
37 131
37 161
37 175
37 178
37 201
37 236
37 364
38 54
38 68
38 79
38 83
38 88
38 92
38 103
38 110
38 120
38 137
38 218
38 226
38 233
38 255
38 288
38 306
39 52
39 104
39 143
39 147
39 166
39 204
39 254
39 272
39 294
39 302
39 311
39 313
39 323
39 328
39 359
39 361
40 45
40 46
40 48
40 72
40 102
40 106
40 114
40 175
40 176
40 178
40 201
40 205
40 231
40 364
41 47
41 53
41 71
41 132
41 146
41 150
41 179
41 194
41 198
41 217
41 235
41 236
41 319
41 348
41 382
42 51
42 56
42 61
42 90
42 115
42 127
42 193
42 225
42 247
42 256
42 269
42 274
42 324
42 339
42 346
42 383
43 74
43 77
43 78
43 80
43 93
43 172
43 173
43 177
43 181
43 190
43 210
43 301
43 325
43 356
43 357
44 63
44 116
44 130
44 141
44 163
44 187
44 208
44 228
44 246
44 307
44 332
44 362
44 373
45 48
45 75
45 106
45 114
45 119
45 182
45 186
45 201
45 205
45 236
45 317
45 364
46 48
46 64
46 114
46 121
46 131
46 149
46 161
46 175
46 178
46 182
46 201
46 205
46 236
46 317
47 71
47 95
47 132
47 146
47 156
47 157
47 158
47 160
47 162
47 198
47 319
47 348
47 382
48 64
48 72
48 75
48 119
48 149
48 161
48 175
48 178
48 317
49 140
49 148
49 174
49 189
49 249
49 265
49 271
49 276
49 282
49 283
49 337
49 338
49 343
49 347
49 354
49 372
50 62
50 125
50 170
50 192
50 200
50 220
50 237
50 242
50 333
50 345
50 349
50 352
50 376
51 61
51 70
51 101
51 117
51 123
51 155
51 159
51 193
51 212
51 230
51 247
51 274
51 304
51 324
51 375
52 145
52 147
52 165
52 168
52 204
52 245
52 253
52 277
52 311
52 313
52 320
52 328
52 367
53 71
53 95
53 100
53 107
53 126
53 146
53 150
53 156
53 157
53 179
53 198
53 217
53 248
53 319
54 83
54 87
54 88
54 103
54 110
54 120
54 129
54 137
54 139
54 144
54 151
54 233
54 288
54 303
55 72
55 75
55 102
55 106
55 121
55 131
55 176
55 178
55 182
55 186
55 201
55 205
55 231
55 364
56 61
56 65
56 89
56 90
56 115
56 123
56 155
56 159
56 229
56 256
56 269
56 274
56 304
56 339
56 346
57 60
57 84
57 91
57 124
57 128
57 202
57 215
57 216
57 279
57 299
57 329
57 365
57 369
57 378
58 63
58 84
58 116
58 130
58 163
58 219
58 246
58 258
58 331
58 332
58 355
58 368
58 373
59 68
59 88
59 92
59 110
59 129
59 137
59 196
59 218
59 226
59 233
59 288
59 303
59 306
59 344
59 363
60 84
60 91
60 105
60 109
60 124
60 202
60 206
60 275
60 299
60 327
60 336
60 378
61 101
61 117
61 123
61 159
61 229
61 230
61 247
61 256
61 261
61 269
61 324
61 339
61 375
62 125
62 164
62 191
62 200
62 237
62 316
62 321
62 349
62 376
62 380
62 381
63 67
63 86
63 141
63 187
63 228
63 246
63 258
63 291
63 292
63 307
63 335
63 362
63 368
64 72
64 114
64 119
64 121
64 131
64 149
64 161
64 178
64 201
64 231
64 236
64 317
65 101
65 115
65 117
65 127
65 193
65 212
65 225
65 229
65 230
65 261
65 304
65 339
65 354
65 379
65 383
66 98
66 180
66 197
66 199
66 203
66 257
66 280
66 287
66 300
66 310
66 318
66 371
67 116
67 163
67 187
67 208
67 228
67 246
67 289
67 292
67 307
67 332
67 355
67 368
67 373
68 69
68 79
68 83
68 88
68 96
68 133
68 137
68 139
68 144
68 151
68 196
68 226
68 233
68 303
69 79
69 87
69 92
69 96
69 103
69 133
69 139
69 144
69 196
69 218
69 233
69 255
69 297
69 334
69 344
70 89
70 115
70 155
70 159
70 193
70 212
70 229
70 230
70 256
70 261
70 269
70 304
70 324
70 346
70 379
71 113
71 126
71 132
71 146
71 162
71 179
71 183
71 194
71 217
71 235
71 319
71 348
71 382
72 102
72 106
72 121
72 149
72 175
72 178
72 182
72 186
72 205
73 140
73 167
73 174
73 189
73 213
73 243
73 244
73 249
73 265
73 271
73 276
73 337
73 343
73 350
73 353
74 77
74 78
74 80
74 82
74 112
74 136
74 177
74 181
74 210
74 259
74 286
74 341
74 356
74 366
75 106
75 119
75 131
75 176
75 178
75 182
75 186
75 231
75 317
75 376
76 85
76 125
76 164
76 170
76 191
76 192
76 200
76 238
76 242
76 270
76 316
76 321
76 333
76 352
76 380
76 381
77 93
77 112
77 210
77 259
77 266
77 286
77 298
77 301
77 325
77 341
77 342
77 356
78 82
78 136
78 172
78 173
78 177
78 190
78 259
78 266
78 286
78 296
78 330
78 356
78 366
79 87
79 88
79 96
79 110
79 120
79 129
79 139
79 297
79 303
79 306
79 334
79 344
80 82
80 136
80 173
80 177
80 181
80 190
80 210
80 259
80 266
80 296
80 301
80 341
80 357
81 99
81 135
81 171
81 185
81 195
81 221
81 232
81 264
81 290
81 305
81 314
81 360
81 363
81 377
82 136
82 172
82 177
82 190
82 259
82 266
82 298
82 309
82 330
82 341
82 342
82 357
83 88
83 96
83 103
83 110
83 129
83 137
83 139
83 151
83 218
83 288
83 297
83 334
84 91
84 109
84 124
84 202
84 211
84 215
84 216
84 268
84 275
84 279
84 340
85 125
85 191
85 192
85 200
85 220
85 238
85 270
85 316
85 321
85 345
85 349
85 352
86 154
86 163
86 187
86 219
86 228
86 234
86 258
86 289
86 292
86 307
86 332
86 335
86 355
86 368
86 373
87 110
87 120
87 129
87 133
87 144
87 151
87 196
87 218
87 288
87 303
87 334
87 344
88 92
88 110
88 129
88 133
88 139
88 151
88 218
88 226
88 297
88 334
89 90
89 117
89 155
89 193
89 225
89 229
89 230
89 261
89 269
89 304
89 339
89 346
89 375
89 383
90 101
90 115
90 123
90 127
90 193
90 212
90 225
90 229
90 261
90 269
90 274
90 346
90 379
91 105
91 109
91 124
91 128
91 206
91 222
91 251
91 268
91 279
91 295
91 327
91 336
91 365
92 96
92 120
92 129
92 151
92 196
92 218
92 233
92 255
92 288
92 334
92 344
93 172
93 177
93 190
93 259
93 266
93 286
93 296
93 298
93 309
93 341
93 342
93 357
94 171
94 214
94 221
94 224
94 232
94 240
94 250
94 273
94 285
94 293
94 314
94 326
94 351
94 377
95 113
95 132
95 142
95 156
95 158
95 179
95 183
95 188
95 194
95 248
95 319
95 358
95 382
96 103
96 110
96 133
96 139
96 144
96 196
96 288
96 297
96 303
96 306
97 98
97 108
97 197
97 199
97 203
97 223
97 257
97 260
97 287
97 300
97 308
97 312
98 108
98 223
98 241
98 260
98 310
98 312
98 318
98 371
98 374
99 135
99 185
99 195
99 214
99 221
99 224
99 227
99 250
99 264
99 293
99 314
99 326
99 351
99 363
100 107
100 113
100 142
100 146
100 150
100 156
100 157
100 160
100 183
100 188
100 194
100 217
100 235
100 382
101 117
101 123
101 159
101 212
101 225
101 229
101 247
101 256
101 324
101 346
101 379
101 383
102 106
102 114
102 119
102 161
102 175
102 176
102 178
102 201
102 364
103 133
103 137
103 144
103 151
103 196
103 226
103 288
103 298
103 306
103 334
103 344
104 134
104 143
104 152
104 165
104 204
104 254
104 277
104 284
104 294
104 302
104 328
104 359
104 361
104 367
105 124
105 128
105 251
105 268
105 279
105 295
105 299
105 329
105 336
105 340
105 365
105 369
105 378
106 131
106 149
106 161
106 182
106 186
106 231
106 236
107 113
107 132
107 146
107 150
107 157
107 162
107 188
107 194
107 198
107 217
107 248
107 358
107 369
108 180
108 199
108 223
108 257
108 260
108 262
108 267
108 280
108 300
108 308
108 310
109 128
109 202
109 206
109 215
109 222
109 251
109 295
109 329
109 340
109 365
109 378
110 133
110 137
110 151
110 226
110 233
110 297
110 306
110 334
111 167
111 189
111 213
111 243
111 244
111 249
111 252
111 276
111 282
111 283
111 322
111 338
111 347
111 354
112 173
112 181
112 210
112 239
112 259
112 286
112 298
112 301
112 309
112 325
112 330
112 357
112 366
113 146
113 150
113 158
113 194
113 198
113 217
113 248
113 348
113 358
113 382
114 119
114 121
114 149
114 176
114 178
114 182
114 231
114 317
115 123
115 127
115 155
115 193
115 230
115 269
115 274
115 304
115 346
115 375
115 379
116 130
116 154
116 219
116 246
116 289
116 355
116 362
116 368
116 373
117 127
117 155
117 225
117 230
117 247
117 256
117 269
117 304
117 375
117 379
117 383
118 122
118 164
118 169
118 191
118 192
118 200
118 220
118 237
118 238
118 270
118 321
118 345
118 349
118 376
118 380
119 131
119 149
119 161
119 178
119 182
119 231
119 236
120 129
120 133
120 137
120 151
120 196
120 218
120 226
120 297
120 306
120 334
121 149
121 161
121 175
121 176
121 182
121 231
121 236
121 314
121 317
122 125
122 138
122 164
122 170
122 200
122 270
122 333
122 345
122 349
122 376
122 380
123 127
123 155
123 193
123 225
123 247
123 261
123 274
123 324
123 346
123 375
124 128
124 202
124 268
124 275
124 295
124 299
124 336
124 340
125 138
125 164
125 170
125 191
125 238
125 242
125 270
125 316
125 380
126 150
126 156
126 158
126 160
126 162
126 179
126 183
126 194
126 198
126 235
126 248
126 319
126 358
127 155
127 159
127 188
127 212
127 229
127 247
127 256
127 261
127 274
127 324
128 206
128 215
128 216
128 222
128 251
128 299
128 329
128 340
128 369
129 144
129 151
129 226
129 255
129 297
129 306
129 344
130 141
130 163
130 187
130 208
130 228
130 246
130 291
130 292
130 307
130 331
130 362
130 368
131 161
131 176
131 186
131 201
131 231
131 317
131 364
132 142
132 146
132 150
132 156
132 160
132 179
132 188
132 198
132 217
132 319
133 137
133 144
133 196
133 233
133 255
133 297
133 303
133 344
134 143
134 147
134 152
134 165
134 204
134 245
134 254
134 277
134 284
134 294
134 302
134 359
135 153
135 185
135 207
135 227
135 232
135 240
135 250
135 285
135 290
135 293
135 314
135 360
135 363
135 377
136 173
136 190
136 210
136 239
136 266
136 298
136 301
136 309
136 341
136 342
136 366
137 139
137 144
137 151
137 233
137 255
137 288
137 303
138 169
138 170
138 191
138 225
138 242
138 270
138 316
138 333
138 376
138 380
138 381
139 151
139 196
139 218
139 226
139 297
139 306
139 334
140 148
140 174
140 209
140 213
140 265
140 276
140 278
140 283
140 322
140 338
140 343
140 347
140 353
141 154
141 219
141 258
141 289
141 307
141 331
141 335
141 362
141 368
141 373
142 150
142 156
142 157
142 162
142 179
142 183
142 235
142 248
142 348
142 358
142 382
143 152
143 165
143 204
143 253
143 254
143 272
143 313
143 323
143 328
143 361
143 370
144 218
144 226
144 255
144 288
144 303
144 306
144 344
145 147
145 166
145 168
145 169
145 204
145 253
145 284
145 311
145 323
145 328
145 361
145 367
146 150
146 162
146 183
146 188
146 198
146 319
146 348
147 152
147 165
147 168
147 253
147 254
147 272
147 277
147 294
147 313
147 328
147 359
147 361
148 189
148 213
148 244
148 249
148 265
148 276
148 278
148 283
148 322
148 337
148 338
148 347
148 372
149 176
149 182
149 186
149 201
149 365
150 156
150 158
150 162
150 183
150 188
150 348
151 196
151 288
151 334
151 344
152 165
152 245
152 254
152 284
152 302
152 311
152 320
152 328
152 359
152 361
153 185
153 195
153 207
153 214
153 227
153 250
153 263
153 273
153 285
153 290
153 293
153 314
153 351
153 363
154 208
154 219
154 228
154 234
154 289
154 291
154 331
154 332
154 335
154 355
154 362
154 373
155 171
155 247
155 261
155 274
155 339
155 375
155 379
155 383
156 157
156 158
156 160
156 183
156 188
156 198
156 248
156 348
157 158
157 160
157 162
157 183
157 194
157 198
157 217
157 319
157 358
158 162
158 183
158 194
158 198
158 217
158 235
158 319
158 348
159 193
159 200
159 225
159 229
159 230
159 261
159 274
159 324
159 375
159 379
160 179
160 188
160 198
160 235
160 248
160 265
160 319
160 358
160 382
161 175
161 182
161 231
162 183
162 188
162 194
162 235
162 358
162 382
163 208
163 219
163 258
163 289
163 291
163 292
163 307
163 368
163 373
164 169
164 192
164 200
164 270
164 321
164 345
164 352
164 376
164 380
164 381
165 168
165 253
165 254
165 277
165 294
165 302
165 320
165 323
165 361
166 168
166 245
166 272
166 277
166 284
166 302
166 313
166 323
166 328
166 359
166 370
167 189
167 209
167 244
167 265
167 271
167 282
167 283
167 337
167 347
167 350
167 353
167 372
168 253
168 277
168 284
168 294
168 311
168 313
168 320
168 323
168 370
169 200
169 220
169 237
169 238
169 270
169 321
169 349
169 352
169 380
169 381
170 220
170 237
170 238
170 316
170 321
170 333
170 345
170 349
170 352
170 376
171 195
171 207
171 214
171 221
171 232
171 240
171 273
171 290
171 293
171 305
171 363
171 377
172 173
172 239
172 266
172 286
172 301
172 309
172 325
172 330
172 341
172 356
172 366
173 177
173 298
173 301
173 309
173 330
173 356
173 357
173 366
174 189
174 249
174 252
174 265
174 271
174 276
174 278
174 282
174 322
174 343
174 372
175 176
175 205
175 231
175 317
175 364
176 178
176 182
176 186
176 205
176 236
176 317
176 364
177 210
177 239
177 286
177 301
177 309
177 330
177 356
177 357
178 186
178 364
179 188
179 217
179 235
179 319
179 348
179 382
180 184
180 197
180 199
180 203
180 223
180 241
180 257
180 260
180 267
180 280
180 281
180 374
181 239
181 296
181 298
181 301
181 309
181 325
181 341
181 342
181 356
181 366
182 201
182 205
183 188
183 194
183 217
183 235
184 197
184 241
184 280
184 281
184 287
184 308
184 310
184 312
184 315
184 371
184 374
185 207
185 227
185 232
185 250
185 264
185 285
185 360
185 363
185 377
186 201
186 205
186 231
186 236
186 317
186 364
187 219
187 228
187 234
187 289
187 291
187 292
187 307
187 332
187 335
187 362
187 373
188 235
188 348
188 358
188 382
189 209
189 213
189 244
189 252
189 337
189 347
189 350
189 354
189 372
190 266
190 286
190 296
190 298
190 325
190 341
190 342
190 356
190 357
191 192
191 220
191 235
191 238
191 242
191 270
191 321
191 333
191 380
191 381
192 220
192 238
192 242
192 321
192 333
192 345
192 352
193 212
193 230
193 247
193 339
193 346
193 375
193 383
194 319
194 348
194 382
195 240
195 250
195 263
195 264
195 285
195 290
195 305
195 326
195 360
195 377
196 233
196 288
196 297
196 306
196 334
197 203
197 280
197 281
197 287
197 308
197 310
197 315
197 318
197 371
198 248
198 348
198 358
198 382
199 241
199 262
199 267
199 280
199 308
199 310
199 312
199 315
199 318
199 371
200 237
200 316
200 333
200 345
200 381
201 205
201 231
201 236
202 206
202 211
202 215
202 251
202 268
202 299
202 327
202 336
202 378
203 260
203 262
203 280
203 281
203 287
203 300
203 308
203 310
203 315
203 318
203 371
204 253
204 254
204 272
204 294
204 311
204 323
204 362
204 367
205 236
205 317
205 364
206 211
206 216
206 251
206 279
206 329
206 340
206 365
206 378
207 221
207 240
207 250
207 273
207 285
207 290
207 293
207 326
207 363
207 377
208 219
208 258
208 291
208 292
208 331
208 332
208 335
208 355
208 368
209 243
209 252
209 271
209 276
209 278
209 322
209 337
209 338
209 347
209 350
209 353
210 266
210 286
210 296
210 301
210 330
210 342
210 357
211 215
211 216
211 222
211 268
211 275
211 295
211 299
211 327
211 340
211 342
211 369
211 378
212 225
212 247
212 256
212 261
212 269
212 304
212 324
212 339
212 383
213 243
213 252
213 271
213 276
213 282
213 322
213 354
213 372
214 221
214 224
214 240
214 263
214 273
214 290
214 293
214 351
214 360
214 377
215 222
215 251
215 268
215 275
215 327
215 336
215 340
216 268
216 275
216 279
216 295
216 336
216 340
216 365
216 369
216 378
217 248
217 319
217 358
217 382
218 233
218 255
218 303
218 306
218 334
218 344
219 228
219 246
219 258
219 289
219 307
219 331
220 237
220 333
220 345
220 376
220 381
221 232
221 263
221 264
221 273
221 285
221 293
221 351
221 377
222 251
222 279
222 295
222 327
222 329
222 365
222 378
223 262
223 267
223 281
223 287
223 300
223 318
223 371
223 374
224 250
224 263
224 264
224 285
224 293
224 305
224 314
224 326
224 351
224 363
224 377
225 229
225 230
225 256
225 261
225 304
225 375
226 233
226 255
226 288
226 297
226 334
227 240
227 263
227 273
227 290
227 305
227 314
227 351
227 360
227 374
227 377
228 246
228 289
228 291
228 331
228 332
228 362
228 368
229 230
229 269
229 274
229 339
229 346
229 383
230 269
230 274
230 304
230 339
230 375
231 236
231 364
232 250
232 264
232 273
232 290
232 293
232 344
232 360
233 255
233 297
233 303
233 344
234 246
234 258
234 291
234 292
234 307
234 331
234 335
234 362
234 368
235 248
235 319
236 317
237 238
237 242
237 316
237 345
237 349
237 352
237 380
238 242
238 316
238 333
238 349
238 376
239 296
239 298
239 301
239 325
239 330
239 342
239 356
239 357
239 366
240 264
240 273
240 304
240 305
240 314
240 326
240 351
241 262
241 267
241 281
241 287
241 300
241 308
241 315
241 318
241 371
241 374
242 270
242 321
242 352
242 376
242 381
243 249
243 252
243 265
243 271
243 278
243 322
243 338
243 350
243 353
243 354
243 372
244 252
244 276
244 278
244 282
244 283
244 350
244 353
244 354
245 253
245 254
245 277
245 294
245 302
245 311
245 313
245 320
245 323
245 359
245 367
246 258
246 332
246 335
246 355
246 373
247 256
247 304
247 346
247 379
247 383
248 294
248 348
248 358
249 252
249 283
249 322
249 337
249 343
249 347
249 350
249 354
249 372
250 273
250 285
250 305
250 326
250 351
250 360
251 275
251 279
251 329
251 365
251 369
252 265
252 276
252 337
252 343
252 347
252 353
252 372
253 254
253 277
253 284
253 311
253 313
253 361
253 367
253 370
254 277
254 302
254 311
254 313
254 323
255 288
255 297
255 303
255 306
255 344
256 269
256 324
256 339
256 358
256 375
256 383
257 262
257 267
257 287
257 300
257 310
257 312
257 315
257 318
258 289
258 291
258 292
258 331
258 335
259 286
259 298
259 309
259 325
259 341
259 342
259 356
259 366
260 267
260 280
260 281
260 287
260 315
260 318
260 371
260 374
261 269
261 274
261 375
261 379
261 383
262 280
262 308
262 310
262 312
262 318
262 371
263 273
263 285
263 293
263 305
263 314
263 326
263 360
263 363
264 285
264 290
264 293
264 314
264 351
264 360
264 377
265 282
265 283
265 322
265 353
265 354
265 372
266 296
266 298
266 342
266 356
266 357
266 366
267 287
267 300
267 308
267 310
267 374
268 275
268 279
268 299
268 327
268 329
268 336
268 365
269 324
269 339
269 346
270 316
270 333
270 345
270 349
270 381
271 278
271 282
271 283
271 338
271 343
271 350
271 354
272 284
272 311
272 313
272 320
272 323
272 359
272 361
272 367
272 370
273 290
273 305
273 351
273 377
274 339
274 346
274 375
274 379
275 279
275 295
275 299
275 340
275 365
276 278
276 282
276 283
276 338
276 347
276 372
277 284
277 311
277 323
277 359
277 367
277 370
278 322
278 338
278 343
278 347
278 350
278 372
279 329
279 369
279 378
280 300
280 310
280 312
280 318
281 287
281 308
281 310
281 312
281 371
281 374
282 283
282 350
282 353
282 354
282 372
283 322
283 337
283 338
283 343
284 302
284 359
284 367
284 370
285 290
285 305
285 314
285 363
286 341
286 342
286 356
286 357
286 366
287 300
287 312
287 374
288 303
288 306
289 292
289 332
289 355
289 362
289 373
290 326
290 360
291 292
291 335
291 355
291 362
292 331
292 355
292 362
292 373
293 305
293 314
293 351
293 363
294 320
294 323
294 328
294 361
294 367
294 370
295 299
295 327
295 329
295 369
295 378
296 298
296 301
296 309
296 325
296 330
296 341
296 356
297 344
298 325
298 341
298 342
299 327
299 329
299 336
299 365
300 308
300 310
300 312
300 315
300 318
301 309
301 330
301 366
302 311
302 313
302 328
302 367
302 370
303 306
303 344
304 324
304 339
304 379
304 383
305 314
305 326
305 351
305 360
306 334
307 331
307 335
307 368
308 315
308 371
308 374
309 325
309 330
309 341
309 366
310 312
310 371
311 313
311 320
311 328
313 320
313 361
313 367
313 370
314 351
315 318
315 371
315 374
316 380
316 381
317 364
318 374
319 358
320 323
320 359
320 361
320 367
321 333
321 380
321 381
322 337
322 343
322 350
322 354
323 361
323 370
324 339
324 346
324 379
324 383
325 330
325 342
325 356
325 357
326 351
326 360
326 363
327 329
327 336
327 365
327 369
327 378
328 359
328 367
328 370
329 378
330 342
330 357
330 366
331 332
331 335
331 355
331 368
332 355
332 373
333 349
333 352
335 355
335 373
336 340
336 369
336 378
337 338
337 347
337 350
337 353
337 372
338 343
338 353
339 379
340 369
341 342
341 366
343 347
343 350
345 352
345 380
345 381
346 375
346 379
347 353
348 358
348 382
349 352
349 376
349 381
350 353
350 354
351 377
352 376
352 381
353 372
354 372
355 368
357 366
358 382
359 370
360 377
361 367
362 373
363 377
367 370
369 378
371 374
375 383
379 383
