0 280
0 398
1 234
1 391
2 257
2 385
3 355
3 399
4 397
4 399
5 369
5 381
6 10
6 398
7 309
7 358
8 47
8 365
9 397
9 399
10 384
11 382
11 397
12 383
12 396
13 300
13 394
14 377
14 389
15 134
15 398
16 320
16 394
17 386
17 392
18 195
18 399
19 343
19 383
20 363
20 382
21 313
21 397
22 371
22 391
23 371
23 393
24 278
24 392
25 265
25 386
26 32
26 394
27 359
27 361
28 58
28 398
29 204
29 399
30 267
30 398
31 301
31 392
32 396
33 296
33 319
34 376
34 390
35 193
35 264
36 246
36 374
37 50
37 362
38 121
38 399
39 304
39 396
40 223
40 388
41 376
41 397
42 177
42 342
43 276
43 374
44 315
44 368
45 96
45 389
46 242
46 336
47 293
48 87
48 372
49 387
49 391
50 367
51 161
51 398
52 323
52 394
53 386
53 397
54 120
54 345
55 397
55 399
56 282
56 379
57 282
57 390
58 310
59 337
59 367
60 385
60 392
61 214
61 397
62 283
62 378
63 373
63 376
64 286
64 397
65 175
65 350
66 339
66 369
67 287
67 375
68 299
68 373
69 115
69 398
70 277
70 324
71 139
71 166
72 258
72 379
73 126
73 274
74 117
74 386
75 172
75 395
76 381
76 399
77 339
77 399
78 329
78 378
79 382
79 398
80 309
80 377
81 298
81 376
82 211
82 323
83 139
83 360
84 279
84 324
85 177
85 333
86 163
86 347
87 393
88 315
88 385
89 251
89 391
90 97
90 264
91 125
91 252
92 205
92 364
93 294
93 366
94 216
94 384
95 154
95 398
96 110
97 305
98 395
98 396
99 233
99 316
100 247
100 391
101 366
101 383
102 277
102 385
103 338
103 369
104 300
104 396
105 359
105 366
106 313
106 397
107 397
107 399
108 358
108 389
109 190
109 362
110 183
111 273
111 384
112 325
112 377
113 334
113 395
114 371
114 391
115 398
116 380
116 392
117 281
118 330
118 398
119 298
119 316
120 384
121 340
122 370
122 399
123 130
123 317
124 371
124 387
125 348
126 394
127 258
127 392
128 310
128 399
129 321
129 376
130 296
131 355
131 397
132 272
132 388
133 334
133 394
134 389
135 281
135 344
136 378
136 385
137 314
137 389
138 360
138 375
140 297
140 346
141 395
141 396
142 348
142 375
143 251
143 388
144 261
144 320
145 354
145 396
146 282
146 390
147 236
147 344
148 384
148 398
149 200
149 398
150 375
150 396
151 271
151 389
152 363
152 398
153 171
153 395
154 398
155 363
155 398
156 366
156 383
157 366
157 368
158 369
158 397
159 370
159 399
160 368
160 386
161 269
162 330
162 370
163 370
164 357
164 386
165 383
165 394
166 252
167 243
167 275
168 347
168 381
169 386
169 393
170 348
170 375
171 183
172 266
173 235
173 320
174 227
174 293
175 294
176 312
176 388
178 213
178 387
179 184
179 250
179 353
180 351
180 388
180 398
181 383
181 396
181 399
182 356
182 377
182 389
183 360
184 353
184 370
185 373
185 376
185 389
186 298
186 368
186 387
187 381
187 397
187 399
188 360
188 366
188 395
189 226
189 353
189 391
190 397
190 399
191 331
191 397
191 399
192 368
192 386
192 391
193 330
193 374
194 336
194 338
194 399
195 381
195 399
196 220
196 326
196 379
197 362
197 373
197 390
198 297
198 361
198 378
199 207
199 300
199 394
200 289
200 333
201 296
201 368
201 387
202 381
202 396
202 399
203 272
203 335
203 349
204 355
204 380
205 364
205 397
206 286
206 344
206 394
207 371
207 393
208 371
208 378
208 387
209 366
209 385
209 387
210 254
210 367
210 376
211 309
211 373
212 345
212 378
212 391
213 226
213 392
214 392
214 393
215 371
215 387
215 392
216 268
216 390
217 294
217 394
217 395
218 285
218 389
218 390
219 347
219 369
219 399
220 362
220 385
221 300
221 395
221 396
222 383
222 394
222 395
223 384
223 398
224 248
224 274
224 346
225 361
225 372
225 392
226 357
227 397
227 399
228 339
228 383
228 395
229 340
229 355
229 399
230 370
230 381
230 399
231 269
231 354
231 396
232 338
232 352
232 399
233 367
233 379
234 372
234 392
235 395
235 396
236 306
236 366
237 385
237 387
237 393
238 355
238 397
238 399
239 365
239 371
239 374
240 274
240 394
240 396
241 383
241 394
241 395
242 379
242 390
243 375
243 396
244 357
244 386
244 387
245 292
245 305
245 388
246 276
246 398
247 368
247 393
248 383
248 394
249 357
249 387
249 393
250 371
250 399
251 382
252 375
253 382
253 384
253 388
253 398
254 356
254 377
254 390
255 320
255 366
255 375
255 394
256 273
256 301
256 379
256 393
257 279
257 387
257 393
258 359
258 387
259 342
259 363
259 374
259 398
260 345
260 357
260 380
260 392
261 320
261 394
261 395
262 331
262 372
262 386
262 387
263 341
263 374
263 384
263 398
264 276
264 372
265 380
265 392
265 393
266 346
266 366
266 395
267 348
267 365
267 398
268 305
268 337
268 362
269 288
269 329
270 363
270 386
270 388
270 398
271 362
271 373
271 377
272 336
272 398
273 329
273 364
274 320
275 310
275 342
275 351
276 398
277 325
277 356
278 332
278 368
278 380
279 326
279 337
280 336
280 352
280 388
281 375
281 387
282 307
283 297
283 385
283 393
284 349
284 353
284 381
284 397
285 307
285 367
285 379
286 397
286 399
287 288
287 378
287 396
288 343
288 346
289 295
289 351
289 388
290 312
290 369
290 370
290 397
291 355
291 370
291 381
291 399
292 310
292 330
292 384
292 398
293 327
293 334
293 383
294 395
294 396
295 296
295 364
295 380
295 392
296 393
297 380
297 391
298 356
298 358
299 328
299 337
299 389
299 390
300 395
301 319
301 377
301 393
302 325
302 373
302 379
302 390
302 398
303 304
303 306
303 323
303 383
303 394
304 360
304 395
304 396
305 333
305 352
306 327
306 334
306 383
307 322
307 341
307 390
308 314
308 357
308 387
308 391
308 392
309 377
309 390
310 351
311 319
311 359
311 361
311 371
311 391
312 318
312 365
312 374
313 338
313 381
313 399
314 316
314 376
314 379
315 317
315 372
315 374
315 393
316 332
316 376
316 389
317 331
317 359
317 380
317 386
318 349
318 351
318 382
318 384
318 388
319 378
319 391
319 393
321 337
321 376
321 377
321 379
321 389
322 367
322 377
322 381
322 389
322 390
323 344
323 394
323 395
324 373
324 379
324 389
324 391
325 326
325 379
325 390
326 376
326 389
326 390
327 354
327 375
327 383
327 396
328 362
328 373
328 377
328 386
328 390
329 371
329 391
329 392
329 393
330 351
330 365
330 374
331 361
331 380
331 392
331 393
332 372
332 378
332 380
332 391
332 392
333 335
333 384
333 389
333 398
334 383
334 394
334 396
335 349
335 350
335 365
335 382
335 398
336 365
336 384
336 388
337 367
337 373
338 381
338 388
338 399
339 353
339 369
339 397
339 399
340 347
340 367
340 369
340 381
340 397
340 399
341 342
341 349
341 352
341 363
341 382
341 384
342 374
342 382
342 388
342 398
343 354
343 360
343 364
343 383
343 395
343 396
344 366
344 383
344 390
344 395
345 351
345 372
345 380
345 385
345 386
346 348
346 360
346 375
346 396
347 355
347 358
347 397
347 399
348 354
348 360
348 395
348 396
349 365
349 382
349 388
349 398
350 352
350 363
350 374
350 382
350 388
350 393
350 398
351 382
351 388
352 382
352 384
352 388
352 398
353 355
353 369
353 381
353 397
353 399
354 355
354 375
354 394
354 395
354 396
355 370
355 397
356 373
356 376
356 377
356 379
356 387
356 389
356 390
357 364
357 368
357 378
357 380
357 399
358 362
358 367
358 373
358 376
358 379
358 389
358 390
359 361
359 368
359 378
359 380
359 392
359 393
360 369
360 375
360 394
361 380
361 385
361 387
361 391
361 392
361 394
362 376
362 379
362 389
362 390
363 374
363 380
363 382
363 388
363 395
363 398
364 372
364 378
364 385
364 386
364 387
364 393
364 398
365 374
365 382
365 384
365 388
365 398
366 394
366 395
367 373
367 389
367 390
367 396
368 371
368 372
368 385
368 391
369 370
369 381
369 397
369 399
370 381
370 383
370 397
370 399
371 385
371 391
371 392
371 393
372 379
372 385
372 386
372 391
372 392
372 393
373 377
373 389
373 390
373 397
374 382
374 384
374 388
374 398
375 394
375 395
375 396
375 399
376 377
376 389
376 390
377 379
377 389
377 393
378 380
378 385
378 386
378 391
378 392
378 394
379 390
380 385
380 391
380 393
381 395
381 397
381 399
382 384
382 388
382 392
382 398
383 395
383 396
383 397
384 388
384 389
384 391
384 398
385 386
385 387
385 391
385 392
385 397
386 387
386 391
386 392
386 393
387 393
388 394
388 398
389 390
389 399
390 396
391 392
391 393
394 395
394 396
395 396
395 398
397 399
