0 2
0 4
0 8
0 12
0 16
0 20
0 21
0 28
0 32
0 36
0 39
0 40
0 44
0 46
0 48
0 52
0 56
0 60
0 64
0 72
0 76
0 77
0 80
0 84
0 90
0 92
0 96
1 5
1 21
1 25
1 29
1 33
1 38
1 41
1 43
1 45
1 53
1 55
1 57
1 60
1 65
1 73
1 81
1 85
1 93
2 6
2 10
2 12
2 14
2 18
2 21
2 26
2 34
2 38
2 42
2 46
2 50
2 51
2 54
2 58
2 62
2 66
2 70
2 74
2 77
2 82
2 86
2 90
2 98
3 4
3 9
3 11
3 15
3 19
3 27
3 31
3 35
3 39
3 43
3 47
3 51
3 55
3 59
3 63
3 71
3 79
3 80
3 83
3 85
3 87
3 91
3 95
4 8
4 12
4 16
4 28
4 34
4 36
4 40
4 44
4 48
4 51
4 52
4 54
4 56
4 60
4 64
4 68
4 70
4 72
4 76
4 84
4 91
4 92
4 96
5 8
5 9
5 17
5 21
5 22
5 25
5 29
5 37
5 41
5 45
5 49
5 53
5 57
5 65
5 69
5 73
5 77
5 81
5 85
5 89
5 93
5 96
5 97
6 10
6 14
6 17
6 18
6 20
6 26
6 30
6 34
6 42
6 44
6 46
6 50
6 51
6 58
6 62
6 69
6 70
6 74
6 78
6 82
6 94
6 98
7 15
7 16
7 19
7 23
7 27
7 31
7 35
7 38
7 39
7 43
7 47
7 51
7 55
7 57
7 59
7 63
7 67
7 71
7 75
7 79
7 83
7 91
7 95
7 99
8 16
8 20
8 24
8 28
8 32
8 36
8 40
8 48
8 52
8 56
8 64
8 72
8 76
8 77
8 84
8 85
8 88
8 92
8 96
9 13
9 17
9 21
9 25
9 29
9 37
9 41
9 45
9 49
9 53
9 57
9 61
9 69
9 73
9 77
9 85
9 89
9 93
9 97
10 17
10 18
10 22
10 26
10 28
10 34
10 38
10 46
10 50
10 54
10 58
10 62
10 66
10 70
10 74
10 78
10 82
10 83
10 90
10 92
10 94
10 98
11 12
11 15
11 19
11 23
11 26
11 27
11 31
11 39
11 43
11 47
11 51
11 55
11 59
11 60
11 63
11 67
11 71
11 74
11 75
11 79
11 87
11 91
11 95
11 99
12 16
12 20
12 24
12 28
12 32
12 36
12 44
12 48
12 52
12 53
12 55
12 60
12 62
12 64
12 68
12 72
12 76
12 80
12 84
12 96
13 17
13 21
13 25
13 29
13 33
13 45
13 49
13 53
13 57
13 61
13 65
13 69
13 73
13 77
13 81
13 93
13 97
14 18
14 22
14 30
14 34
14 38
14 42
14 46
14 54
14 56
14 58
14 66
14 70
14 74
14 78
14 82
14 87
14 90
14 94
14 98
15 17
15 19
15 23
15 27
15 31
15 34
15 35
15 39
15 43
15 47
15 50
15 51
15 63
15 67
15 71
15 75
15 79
15 91
15 95
15 99
16 20
16 24
16 27
16 28
16 32
16 36
16 39
16 40
16 42
16 44
16 47
16 48
16 52
16 56
16 60
16 61
16 64
16 68
16 69
16 72
16 76
16 84
16 88
16 93
16 96
17 25
17 28
17 29
17 33
17 37
17 41
17 45
17 49
17 53
17 59
17 65
17 67
17 69
17 73
17 81
17 85
17 91
17 93
17 97
18 20
18 26
18 30
18 34
18 38
18 46
18 50
18 53
18 54
18 58
18 59
18 62
18 66
18 70
18 71
18 74
18 78
18 82
18 84
18 90
18 94
18 95
18 98
19 23
19 27
19 31
19 35
19 39
19 43
19 55
19 59
19 63
19 71
19 75
19 83
19 87
19 95
19 98
19 99
20 24
20 28
20 32
20 40
20 44
20 48
20 52
20 60
20 64
20 65
20 66
20 72
20 76
20 80
20 84
20 88
20 92
20 96
21 25
21 29
21 33
21 35
21 37
21 41
21 49
21 57
21 61
21 65
21 73
21 77
21 81
21 85
21 89
21 93
22 26
22 30
22 34
22 38
22 42
22 46
22 50
22 54
22 58
22 62
22 65
22 66
22 67
22 70
22 71
22 78
22 86
22 90
22 94
22 95
22 98
23 27
23 35
23 39
23 43
23 47
23 55
23 59
23 60
23 63
23 67
23 71
23 79
23 83
23 87
23 95
23 99
24 28
24 32
24 33
24 36
24 40
24 44
24 48
24 50
24 56
24 59
24 60
24 68
24 72
24 76
24 84
24 86
24 88
24 92
24 94
24 97
25 33
25 37
25 41
25 45
25 49
25 57
25 61
25 65
25 73
25 75
25 81
25 85
25 89
25 93
25 97
26 29
26 34
26 38
26 42
26 46
26 50
26 54
26 59
26 66
26 70
26 74
26 77
26 79
26 82
26 86
26 90
26 94
26 98
27 31
27 39
27 43
27 47
27 51
27 55
27 59
27 63
27 67
27 71
27 87
27 91
27 99
28 36
28 40
28 44
28 52
28 56
28 60
28 68
28 72
28 84
28 88
28 92
28 94
28 96
29 33
29 41
29 49
29 57
29 61
29 62
29 65
29 73
29 77
29 85
29 93
29 97
30 34
30 38
30 42
30 45
30 46
30 47
30 50
30 54
30 58
30 61
30 62
30 70
30 74
30 78
30 82
30 90
30 93
30 95
30 96
30 98
31 35
31 39
31 43
31 47
31 55
31 59
31 63
31 67
31 71
31 75
31 79
31 83
31 84
31 87
31 88
31 91
31 96
31 99
32 36
32 37
32 44
32 48
32 52
32 56
32 60
32 62
32 64
32 72
32 76
32 80
32 84
32 88
32 96
33 37
33 41
33 45
33 46
33 49
33 53
33 57
33 61
33 69
33 73
33 77
33 81
33 85
33 89
33 93
33 94
34 37
34 42
34 46
34 50
34 54
34 58
34 66
34 70
34 86
34 94
35 39
35 40
35 42
35 43
35 47
35 51
35 59
35 63
35 67
35 71
35 75
35 79
35 83
35 87
35 91
35 95
35 99
36 40
36 44
36 48
36 52
36 56
36 58
36 60
36 64
36 68
36 73
36 78
36 84
36 88
36 91
36 92
36 96
37 41
37 45
37 49
37 53
37 57
37 61
37 65
37 68
37 69
37 77
37 81
37 85
37 89
37 93
37 96
37 97
38 42
38 46
38 50
38 57
38 58
38 62
38 66
38 73
38 74
38 78
38 79
38 82
38 86
38 90
38 94
38 98
39 43
39 47
39 51
39 55
39 59
39 60
39 64
39 67
39 75
39 79
39 81
39 83
39 87
39 95
39 99
40 52
40 56
40 60
40 64
40 68
40 72
40 76
40 87
40 88
40 92
41 45
41 49
41 53
41 57
41 62
41 65
41 69
41 73
41 77
41 81
41 89
41 93
41 97
42 45
42 46
42 50
42 53
42 54
42 55
42 58
42 62
42 66
42 70
42 74
42 78
42 82
42 90
42 94
42 98
43 45
43 47
43 51
43 55
43 63
43 79
43 83
43 87
43 91
43 95
43 99
44 48
44 52
44 56
44 60
44 64
44 68
44 76
44 80
44 84
44 88
44 92
44 96
45 49
45 56
45 57
45 65
45 66
45 73
45 76
45 77
45 81
45 91
45 93
45 95
46 50
46 62
46 66
46 74
46 75
46 78
46 90
46 94
47 51
47 53
47 60
47 63
47 67
47 71
47 75
47 79
47 91
47 95
47 99
48 52
48 56
48 60
48 64
48 68
48 72
48 76
48 80
48 84
48 88
48 92
48 98
49 65
49 69
49 73
49 77
49 81
49 82
49 85
49 89
49 93
49 97
50 54
50 62
50 70
50 78
50 82
50 86
50 90
50 98
51 55
51 61
51 63
51 67
51 75
51 80
51 83
51 91
51 92
51 95
51 99
52 56
52 72
52 76
52 80
52 84
52 88
52 92
52 98
53 57
53 60
53 61
53 65
53 69
53 73
53 77
53 81
53 90
53 91
53 97
54 56
54 58
54 62
54 66
54 70
54 78
54 80
54 82
54 90
54 94
54 98
55 59
55 63
55 75
55 79
55 83
55 87
55 95
55 99
56 60
56 64
56 68
56 72
56 80
56 84
56 88
56 99
57 61
57 65
57 69
57 73
57 77
57 81
57 85
57 86
57 91
57 93
57 97
58 62
58 63
58 70
58 74
58 82
58 86
58 90
58 97
58 98
59 60
59 63
59 71
59 75
59 79
59 81
59 91
59 93
59 95
59 99
60 64
60 68
60 76
60 84
60 88
60 92
60 96
61 65
61 69
61 73
61 77
61 85
61 89
61 93
61 97
62 64
62 70
62 74
62 78
62 86
62 88
62 90
62 94
62 98
63 67
63 71
63 79
63 83
63 91
63 93
63 95
63 99
64 68
64 72
64 76
64 80
64 84
64 88
64 94
64 96
65 73
65 77
65 81
65 85
65 89
65 93
65 97
66 70
66 74
66 76
66 78
66 80
66 82
66 86
66 90
66 94
66 98
67 71
67 75
67 79
67 83
67 91
67 95
68 75
68 76
68 80
68 84
68 88
68 96
69 70
69 73
69 77
69 81
69 89
69 93
69 97
70 71
70 74
70 78
70 80
70 82
70 90
70 94
70 98
71 75
71 79
71 83
71 87
71 91
71 93
71 95
71 99
72 76
72 77
72 80
72 84
72 92
72 96
73 77
73 85
73 86
73 93
73 99
74 78
74 82
74 86
74 89
74 90
74 94
74 98
75 79
75 81
75 83
75 87
75 91
76 80
76 84
76 92
76 96
77 83
77 85
77 89
77 93
77 97
78 82
78 86
78 92
78 98
79 83
79 87
79 88
79 91
79 99
80 83
80 84
80 88
80 92
81 82
81 85
81 89
81 93
81 97
82 86
82 98
83 87
83 91
83 95
83 99
84 88
84 92
84 96
85 88
85 89
85 93
85 97
86 90
86 94
86 98
87 91
87 95
87 99
88 92
89 93
89 97
89 99
90 98
91 95
91 99
92 96
93 97
94 98
95 99
