0 3
0 12
0 13
0 14
0 20
0 21
0 24
0 32
0 36
0 44
0 45
0 46
0 65
0 70
0 74
0 80
0 84
1 12
1 19
1 21
1 25
1 33
1 36
1 41
1 45
1 49
1 53
1 57
1 58
1 61
1 65
1 71
1 77
1 88
1 89
2 6
2 10
2 12
2 16
2 18
2 20
2 22
2 26
2 30
2 32
2 33
2 34
2 38
2 50
2 55
2 58
2 75
2 78
2 86
2 93
2 94
3 19
3 26
3 31
3 32
3 39
3 51
3 63
3 70
3 72
3 74
3 83
3 84
3 87
3 99
4 12
4 17
4 20
4 21
4 22
4 28
4 32
4 34
4 36
4 45
4 48
4 50
4 60
4 71
4 76
4 80
4 84
4 88
4 97
5 8
5 24
5 26
5 29
5 37
5 45
5 49
5 53
5 57
5 61
5 62
5 69
5 77
5 78
5 81
5 82
5 86
5 91
5 93
5 97
5 98
6 10
6 18
6 22
6 26
6 30
6 37
6 38
6 54
6 58
6 64
6 66
6 77
6 82
6 88
6 98
7 23
7 26
7 27
7 31
7 43
7 55
7 59
7 63
7 87
7 88
7 91
7 95
8 18
8 22
8 24
8 28
8 36
8 52
8 60
8 65
8 66
8 76
8 77
8 84
8 88
8 89
8 92
8 93
8 96
9 13
9 25
9 29
9 30
9 36
9 41
9 49
9 57
9 78
9 89
9 93
9 97
10 14
10 18
10 22
10 24
10 26
10 28
10 30
10 31
10 46
10 54
10 58
10 64
10 65
10 66
10 74
10 77
10 78
10 82
10 86
10 90
10 98
11 23
11 27
11 29
11 35
11 43
11 45
11 59
11 63
11 67
11 71
11 83
11 87
11 91
11 95
11 97
12 15
12 23
12 26
12 28
12 35
12 41
12 44
12 48
12 61
12 64
12 70
12 86
12 88
12 89
12 96
13 17
13 21
13 26
13 43
13 49
13 69
13 73
13 80
13 81
13 85
13 89
13 97
14 21
14 22
14 23
14 28
14 30
14 33
14 37
14 46
14 50
14 54
14 55
14 62
14 66
14 70
14 74
14 75
14 83
14 85
14 90
14 92
15 25
15 35
15 41
15 43
15 53
15 55
15 59
15 67
15 71
15 75
15 79
15 86
15 87
15 91
15 99
16 23
16 24
16 26
16 35
16 40
16 42
16 46
16 48
16 49
16 60
16 64
16 66
16 67
16 68
16 72
16 76
16 77
16 84
16 88
16 91
16 92
16 93
16 94
16 98
17 29
17 32
17 33
17 37
17 38
17 45
17 49
17 53
17 57
17 61
17 65
17 69
17 73
17 77
17 95
18 21
18 22
18 26
18 35
18 36
18 42
18 46
18 47
18 50
18 51
18 56
18 58
18 61
18 63
18 66
18 78
18 84
18 86
18 90
18 94
18 98
19 20
19 26
19 27
19 31
19 39
19 59
19 67
19 79
19 81
19 82
19 83
19 89
19 91
19 95
20 21
20 28
20 36
20 42
20 44
20 47
20 56
20 60
20 63
20 68
20 84
20 86
20 88
20 90
20 94
21 25
21 29
21 33
21 44
21 45
21 52
21 57
21 61
21 64
21 65
21 69
21 81
21 83
21 89
21 99
22 42
22 44
22 46
22 56
22 58
22 61
22 66
22 70
22 74
22 84
22 86
22 87
22 90
22 91
22 98
23 31
23 33
23 37
23 38
23 39
23 43
23 45
23 47
23 51
23 52
23 59
23 63
23 71
23 73
23 75
23 79
23 83
23 87
23 91
23 95
23 99
24 26
24 27
24 28
24 32
24 33
24 36
24 40
24 44
24 48
24 52
24 63
24 64
24 68
24 72
24 73
24 74
24 78
24 88
24 96
25 29
25 33
25 34
25 45
25 48
25 49
25 56
25 57
25 58
25 60
25 61
25 65
25 83
25 85
25 89
26 28
26 34
26 38
26 41
26 42
26 47
26 50
26 54
26 58
26 59
26 62
26 74
26 82
26 86
26 99
27 29
27 36
27 38
27 51
27 55
27 58
27 59
27 60
27 61
27 68
27 71
27 75
27 79
27 85
27 91
27 93
27 95
27 99
28 36
28 44
28 51
28 52
28 56
28 59
28 61
28 64
28 69
28 80
28 81
28 85
28 88
28 95
28 96
29 35
29 37
29 45
29 48
29 49
29 55
29 57
29 65
29 71
29 73
29 77
29 81
30 38
30 42
30 44
30 54
30 58
30 60
30 67
30 72
30 74
30 78
30 83
30 94
31 39
31 43
31 47
31 50
31 51
31 55
31 58
31 59
31 62
31 67
31 91
31 97
32 36
32 40
32 44
32 47
32 58
32 59
32 60
32 64
32 72
32 80
32 84
32 86
32 88
32 92
32 93
32 96
33 37
33 41
33 45
33 49
33 65
33 69
33 77
33 78
33 85
33 89
33 92
33 93
33 97
34 38
34 46
34 54
34 57
34 62
34 68
34 77
34 78
34 90
34 94
35 36
35 39
35 46
35 50
35 51
35 55
35 63
35 68
35 71
35 79
35 86
35 91
36 37
36 41
36 44
36 53
36 68
36 70
36 75
36 83
36 84
36 88
36 92
37 38
37 41
37 45
37 57
37 61
37 64
37 65
37 71
37 77
37 94
38 41
38 50
38 54
38 57
38 58
38 62
38 67
38 71
38 74
38 81
38 86
38 88
38 98
39 43
39 51
39 54
39 59
39 63
39 65
39 70
39 71
39 75
39 79
39 87
39 91
39 95
40 44
40 48
40 58
40 60
40 72
40 76
40 80
40 96
41 49
41 57
41 61
41 65
41 69
41 73
41 74
41 77
41 81
41 85
41 86
41 89
42 46
42 51
42 56
42 58
42 60
42 66
42 67
42 72
42 74
42 78
42 82
42 90
42 94
42 95
43 49
43 55
43 59
43 63
43 68
43 75
43 77
43 79
43 82
43 91
43 99
44 48
44 54
44 56
44 60
44 68
44 80
44 88
44 92
44 96
45 53
45 54
45 61
45 65
45 69
45 77
45 85
45 86
45 89
45 93
45 96
46 50
46 54
46 58
46 66
46 70
46 74
46 84
46 86
46 94
46 95
46 96
46 98
47 50
47 56
47 63
47 66
47 71
47 89
47 91
47 95
47 99
48 52
48 55
48 60
48 68
48 72
48 80
48 84
48 92
48 94
48 95
48 96
49 58
49 74
49 77
49 84
49 85
49 91
49 97
50 58
50 61
50 62
50 66
50 68
50 78
50 81
50 82
50 85
50 86
50 94
50 98
51 59
51 64
51 65
51 73
51 79
51 80
51 83
51 88
51 91
51 95
51 98
51 99
52 54
52 55
52 60
52 64
52 66
52 72
52 84
52 92
53 61
53 63
53 65
53 70
53 73
53 78
53 81
53 85
53 93
53 97
53 98
54 57
54 58
54 61
54 62
54 65
54 66
54 70
54 76
54 78
54 86
54 87
54 94
55 60
55 63
55 68
55 70
55 71
55 75
55 87
55 91
55 94
55 95
55 98
56 61
56 66
56 72
56 76
56 80
56 83
56 90
56 91
56 99
57 61
57 64
57 73
57 76
57 83
57 85
57 89
57 93
58 60
58 62
58 66
58 74
58 77
58 78
58 82
58 86
58 90
58 94
58 96
58 98
59 64
59 79
59 83
59 87
59 88
59 93
60 72
60 80
60 90
60 93
60 94
60 96
60 98
61 79
61 81
61 95
61 97
62 64
62 75
62 78
62 85
62 90
62 94
63 67
63 71
63 72
63 75
63 82
63 85
63 95
63 99
64 72
64 76
64 80
64 84
64 88
64 89
64 90
64 91
64 96
65 70
65 71
65 73
65 77
65 81
65 85
65 93
65 94
65 97
66 78
66 92
67 70
67 73
67 75
67 77
67 79
67 81
67 83
67 84
67 93
67 99
68 69
68 72
68 82
68 88
68 90
68 94
69 73
69 77
69 82
69 87
69 89
69 93
69 98
70 74
70 78
70 81
70 86
70 90
70 98
71 75
71 83
71 86
71 91
71 99
72 76
72 84
73 77
73 85
73 89
73 93
74 82
74 85
74 86
74 89
74 94
74 96
75 79
75 88
75 91
75 92
75 95
76 80
76 85
76 86
76 89
77 81
77 84
77 85
77 88
77 89
77 97
78 83
78 88
78 90
78 94
78 96
78 97
78 98
79 80
79 82
79 83
79 87
79 91
79 95
80 84
80 88
80 90
80 92
81 85
81 89
81 90
81 93
82 90
82 94
82 98
83 87
83 91
83 95
84 87
84 88
84 96
85 89
85 93
85 97
86 92
86 98
87 91
87 94
87 95
87 99
88 92
88 93
88 96
89 93
89 97
90 94
91 95
91 99
92 96
93 97
93 99
95 99
