0 2
0 3
0 4
0 9
0 10
0 11
0 13
0 18
0 24
0 25
0 27
0 31
0 35
0 38
0 39
0 48
0 49
0 53
0 54
0 56
0 63
0 67
0 71
0 72
0 74
0 77
0 90
0 92
0 97
1 8
1 10
1 13
1 14
1 16
1 21
1 24
1 26
1 28
1 30
1 34
1 36
1 38
1 44
1 45
1 49
1 51
1 52
1 55
1 59
1 65
1 76
1 77
1 78
1 83
1 87
1 94
1 98
2 3
2 4
2 12
2 13
2 15
2 16
2 25
2 28
2 29
2 34
2 36
2 38
2 41
2 44
2 48
2 49
2 50
2 51
2 53
2 54
2 65
2 67
2 68
2 69
2 71
2 72
2 75
2 79
2 81
2 82
2 83
2 86
2 96
2 99
3 5
3 9
3 10
3 12
3 14
3 15
3 16
3 19
3 22
3 24
3 29
3 31
3 33
3 43
3 44
3 45
3 49
3 51
3 56
3 62
3 66
3 67
3 68
3 70
3 71
3 73
3 74
3 85
3 90
3 94
3 95
3 97
4 10
4 12
4 17
4 18
4 21
4 22
4 26
4 30
4 34
4 36
4 37
4 38
4 39
4 40
4 44
4 46
4 47
4 48
4 49
4 51
4 56
4 66
4 68
4 74
4 78
4 82
4 91
4 92
4 93
4 95
4 98
5 12
5 16
5 21
5 24
5 25
5 28
5 33
5 37
5 39
5 45
5 46
5 54
5 58
5 61
5 63
5 66
5 68
5 70
5 73
5 77
5 78
5 79
5 88
5 89
5 91
5 93
5 94
6 7
6 13
6 16
6 18
6 19
6 26
6 31
6 32
6 33
6 40
6 42
6 43
6 47
6 49
6 50
6 51
6 52
6 53
6 55
6 63
6 66
6 67
6 68
6 75
6 77
6 83
6 88
6 90
6 91
6 93
7 8
7 13
7 16
7 21
7 25
7 26
7 28
7 36
7 41
7 49
7 51
7 53
7 57
7 60
7 62
7 64
7 68
7 73
7 74
7 79
7 85
7 87
7 88
7 90
7 95
7 98
8 9
8 12
8 13
8 14
8 15
8 17
8 21
8 30
8 37
8 39
8 40
8 47
8 53
8 61
8 65
8 67
8 68
8 69
8 72
8 82
8 83
8 86
8 96
8 99
9 12
9 20
9 21
9 23
9 24
9 26
9 28
9 31
9 39
9 42
9 44
9 51
9 52
9 55
9 58
9 59
9 67
9 68
9 72
9 73
9 75
9 76
9 77
9 78
9 81
9 84
9 86
9 88
9 89
9 90
9 97
9 98
9 99
10 11
10 12
10 14
10 17
10 20
10 22
10 26
10 30
10 50
10 62
10 63
10 65
10 74
10 76
10 79
10 85
10 87
10 89
10 93
10 94
10 97
11 15
11 16
11 20
11 21
11 22
11 23
11 26
11 29
11 35
11 39
11 58
11 62
11 64
11 65
11 72
11 76
11 77
11 78
11 82
11 84
11 85
11 92
11 96
11 97
11 98
11 99
12 13
12 15
12 16
12 18
12 23
12 25
12 27
12 28
12 29
12 31
12 32
12 33
12 34
12 35
12 38
12 40
12 44
12 48
12 51
12 53
12 54
12 57
12 62
12 64
12 65
12 68
12 69
12 73
12 75
12 76
12 84
12 94
13 18
13 19
13 20
13 21
13 22
13 27
13 30
13 32
13 34
13 42
13 43
13 46
13 59
13 66
13 68
13 73
13 77
13 80
13 83
13 88
13 89
13 92
13 94
13 95
14 15
14 18
14 20
14 25
14 26
14 27
14 29
14 34
14 38
14 40
14 45
14 49
14 52
14 54
14 67
14 68
14 70
14 78
14 79
14 84
14 85
14 87
14 88
14 95
15 16
15 19
15 21
15 31
15 33
15 34
15 35
15 36
15 38
15 41
15 42
15 49
15 52
15 56
15 59
15 60
15 61
15 64
15 66
15 68
15 72
15 81
15 88
15 93
15 97
15 99
16 21
16 22
16 27
16 31
16 34
16 41
16 43
16 47
16 48
16 52
16 57
16 59
16 60
16 61
16 62
16 63
16 72
16 73
16 77
16 80
16 82
16 85
16 86
16 89
16 93
16 96
17 22
17 23
17 24
17 30
17 31
17 32
17 34
17 41
17 43
17 45
17 50
17 54
17 57
17 59
17 66
17 71
17 73
17 75
17 78
17 83
17 86
17 88
17 92
17 95
18 27
18 30
18 35
18 37
18 45
18 46
18 47
18 52
18 58
18 60
18 62
18 68
18 70
18 75
18 88
18 90
18 93
18 95
18 98
19 20
19 24
19 25
19 27
19 33
19 37
19 40
19 44
19 53
19 55
19 57
19 61
19 62
19 63
19 64
19 67
19 69
19 74
19 75
19 82
19 83
19 85
19 95
19 98
20 30
20 33
20 34
20 37
20 41
20 44
20 47
20 48
20 54
20 55
20 65
20 67
20 68
20 71
20 73
20 74
20 78
20 80
20 81
20 85
20 90
20 91
21 25
21 29
21 30
21 31
21 33
21 34
21 37
21 40
21 44
21 49
21 55
21 59
21 61
21 62
21 65
21 67
21 70
21 73
21 74
21 75
21 77
21 83
21 85
21 86
21 87
21 89
21 91
21 93
21 95
21 98
22 25
22 31
22 33
22 38
22 44
22 47
22 49
22 51
22 53
22 54
22 55
22 60
22 61
22 62
22 63
22 64
22 72
22 73
22 81
22 85
22 87
22 91
22 94
22 95
22 96
22 97
23 27
23 29
23 32
23 34
23 38
23 40
23 42
23 43
23 45
23 47
23 49
23 50
23 51
23 55
23 57
23 66
23 68
23 71
23 77
23 78
23 79
23 88
23 90
23 91
23 95
23 96
24 25
24 27
24 40
24 42
24 44
24 45
24 46
24 48
24 54
24 55
24 57
24 60
24 64
24 67
24 70
24 72
24 75
24 79
24 85
24 86
24 90
24 93
24 94
24 95
24 96
24 97
25 26
25 27
25 29
25 30
25 36
25 39
25 40
25 42
25 46
25 48
25 55
25 58
25 62
25 64
25 70
25 71
25 81
25 85
25 92
25 95
25 96
26 29
26 31
26 35
26 37
26 41
26 44
26 49
26 52
26 53
26 56
26 58
26 61
26 65
26 69
26 70
26 71
26 72
26 74
26 78
26 84
26 85
26 88
26 93
27 31
27 33
27 34
27 36
27 37
27 40
27 44
27 46
27 48
27 57
27 59
27 62
27 63
27 81
27 82
27 84
27 87
27 89
27 96
28 32
28 35
28 41
28 43
28 45
28 60
28 64
28 70
28 71
28 72
28 80
28 85
28 90
28 96
28 98
28 99
29 35
29 48
29 51
29 52
29 53
29 54
29 72
29 75
29 78
29 80
29 81
29 82
29 85
29 91
29 94
29 96
29 99
30 35
30 36
30 37
30 40
30 42
30 43
30 46
30 49
30 52
30 55
30 57
30 60
30 62
30 65
30 67
30 68
30 69
30 72
30 75
30 78
30 80
30 81
30 82
30 83
30 87
30 89
30 91
30 93
30 98
30 99
31 34
31 36
31 37
31 39
31 40
31 41
31 42
31 44
31 45
31 49
31 51
31 53
31 55
31 59
31 67
31 70
31 77
31 80
31 81
31 82
31 85
31 92
31 97
31 98
31 99
32 40
32 41
32 44
32 45
32 49
32 53
32 58
32 60
32 66
32 71
32 77
32 79
32 83
32 84
32 85
32 87
32 93
32 94
32 96
33 35
33 40
33 44
33 53
33 56
33 59
33 63
33 64
33 65
33 66
33 67
33 68
33 70
33 72
33 80
33 87
33 88
33 93
33 98
34 42
34 44
34 45
34 46
34 49
34 50
34 54
34 58
34 59
34 61
34 63
34 65
34 68
34 70
34 75
34 76
34 82
34 84
34 88
34 89
34 92
34 94
34 98
35 40
35 41
35 46
35 47
35 49
35 50
35 53
35 56
35 66
35 67
35 68
35 70
35 72
35 75
35 79
35 80
35 82
35 84
35 89
35 90
35 91
35 95
35 96
35 97
36 37
36 41
36 43
36 45
36 49
36 53
36 55
36 56
36 57
36 64
36 65
36 68
36 72
36 73
36 74
36 75
36 77
36 93
36 94
36 96
36 97
36 99
37 40
37 44
37 46
37 47
37 51
37 52
37 65
37 66
37 68
37 71
37 75
37 76
37 80
37 82
37 86
37 88
37 89
37 91
37 94
37 96
37 97
37 98
38 39
38 40
38 44
38 48
38 51
38 53
38 57
38 60
38 68
38 69
38 71
38 72
38 75
38 76
38 77
38 78
38 84
38 86
38 88
38 91
38 92
39 42
39 43
39 61
39 62
39 64
39 70
39 71
39 76
39 77
39 78
39 81
39 86
39 89
39 92
39 95
40 42
40 43
40 47
40 52
40 55
40 57
40 61
40 63
40 64
40 74
40 75
40 79
40 85
40 91
40 92
40 95
41 44
41 59
41 69
41 74
41 76
41 78
41 80
41 83
41 87
41 92
41 98
42 51
42 54
42 56
42 60
42 63
42 64
42 65
42 66
42 73
42 76
42 79
42 81
42 84
42 90
42 91
42 95
42 99
43 48
43 49
43 52
43 54
43 56
43 57
43 58
43 63
43 67
43 70
43 72
43 73
43 74
43 78
43 79
43 80
43 82
43 83
43 88
43 97
44 49
44 52
44 56
44 59
44 64
44 65
44 68
44 69
44 70
44 71
44 73
44 77
44 79
44 81
44 82
44 83
44 84
44 87
44 91
45 47
45 52
45 56
45 57
45 59
45 69
45 70
45 73
45 78
45 88
45 97
46 52
46 53
46 56
46 61
46 63
46 65
46 66
46 72
46 81
46 84
46 86
46 88
46 90
46 91
46 94
46 95
46 97
46 99
47 48
47 53
47 55
47 60
47 61
47 63
47 64
47 66
47 70
47 83
47 84
47 90
47 95
48 50
48 60
48 61
48 64
48 66
48 70
48 72
48 74
48 77
48 82
48 88
48 90
48 91
48 94
48 99
49 51
49 55
49 58
49 63
49 64
49 66
49 67
49 70
49 72
49 76
49 77
49 80
49 83
49 87
49 97
50 51
50 53
50 58
50 63
50 65
50 69
50 70
50 76
50 78
50 79
50 80
50 82
50 85
50 89
50 92
50 93
50 94
50 96
50 98
50 99
51 52
51 59
51 60
51 63
51 69
51 72
51 74
51 85
51 86
51 97
51 99
52 54
52 60
52 61
52 69
52 70
52 80
52 86
52 88
52 90
52 92
53 55
53 57
53 59
53 62
53 66
53 69
53 72
53 74
53 79
53 80
53 81
53 86
53 88
53 95
53 96
53 97
53 98
54 56
54 59
54 62
54 63
54 64
54 65
54 70
54 72
54 78
54 80
54 93
54 94
55 64
55 69
55 70
55 72
55 75
55 89
55 92
55 96
55 99
56 59
56 61
56 64
56 65
56 67
56 69
56 72
56 75
56 77
56 78
56 79
56 80
56 89
56 91
56 92
56 93
56 96
56 99
57 59
57 61
57 62
57 66
57 69
57 70
57 75
57 78
57 80
57 83
57 86
57 93
57 94
57 97
57 99
58 61
58 62
58 63
58 66
58 67
58 68
58 69
58 77
58 80
58 81
58 88
58 89
58 93
58 95
58 98
59 65
59 66
59 73
59 74
59 83
59 85
59 88
59 93
60 61
60 62
60 63
60 66
60 75
60 78
60 82
60 83
60 88
60 91
60 93
60 95
60 96
61 66
61 71
61 72
61 74
61 80
61 86
61 88
61 91
61 95
61 97
62 66
62 70
62 82
62 83
62 93
63 68
63 72
63 74
63 79
63 81
63 85
63 88
63 92
64 67
64 68
64 73
64 75
64 77
64 83
64 84
64 86
64 91
64 96
64 97
64 99
65 80
65 85
65 86
65 92
65 98
65 99
66 74
66 79
66 82
66 91
66 94
66 98
67 77
67 79
67 86
67 87
67 88
67 93
67 95
67 98
67 99
68 70
68 72
68 78
68 79
68 90
68 97
69 71
69 72
69 76
69 78
69 83
69 86
69 87
69 92
69 94
69 98
69 99
70 71
70 72
70 76
70 77
70 85
70 86
70 91
70 92
70 94
70 96
71 74
71 75
71 76
71 79
71 87
71 88
71 91
71 93
71 95
71 98
72 86
72 87
72 92
72 98
72 99
73 75
73 82
73 84
73 85
73 87
73 98
73 99
74 76
74 78
74 86
74 95
74 97
74 98
74 99
75 76
75 78
75 80
75 81
75 83
75 85
75 92
75 93
75 96
76 78
76 96
77 80
77 81
77 82
77 83
77 87
77 91
77 93
77 94
77 98
78 79
78 90
78 94
78 97
79 81
79 82
79 83
79 84
79 85
79 87
79 94
79 97
80 86
80 87
80 88
80 89
80 90
80 94
80 95
80 96
80 99
81 84
81 87
81 90
81 91
81 92
81 99
82 85
82 89
82 93
83 86
83 91
83 92
83 97
84 85
84 91
84 95
84 97
85 88
85 93
86 89
86 94
86 96
87 88
87 89
87 90
87 91
87 93
88 92
88 94
88 97
89 90
89 95
89 96
90 92
90 96
90 99
91 92
91 94
91 98
91 99
92 97
93 94
93 99
94 95
95 96
