0 4
0 5
0 8
0 12
0 16
0 18
0 23
0 24
0 27
0 31
0 32
0 36
0 41
0 42
0 43
0 45
0 46
0 48
0 52
0 56
0 60
0 66
0 69
0 73
0 76
0 79
0 81
0 86
0 90
0 95
0 99
1 5
1 12
1 13
1 17
1 22
1 35
1 36
1 37
1 41
1 45
1 46
1 48
1 50
1 52
1 53
1 55
1 63
1 73
1 77
1 80
1 85
1 86
1 89
1 93
1 97
2 5
2 6
2 7
2 10
2 15
2 22
2 28
2 30
2 32
2 34
2 38
2 41
2 42
2 46
2 48
2 54
2 58
2 68
2 70
2 71
2 78
2 82
2 86
2 90
2 93
2 94
2 95
2 97
2 98
3 7
3 15
3 18
3 20
3 23
3 27
3 29
3 30
3 34
3 35
3 38
3 39
3 41
3 43
3 46
3 47
3 51
3 52
3 53
3 55
3 63
3 69
3 73
3 75
3 79
3 85
3 87
3 95
3 96
3 99
4 8
4 11
4 12
4 13
4 15
4 24
4 25
4 27
4 30
4 35
4 36
4 40
4 44
4 48
4 51
4 57
4 61
4 66
4 68
4 76
4 82
4 86
4 88
4 92
4 96
4 98
5 9
5 10
5 13
5 25
5 26
5 32
5 33
5 37
5 44
5 49
5 53
5 54
5 57
5 58
5 61
5 68
5 70
5 71
5 75
5 77
5 80
5 81
5 82
5 83
5 89
5 91
5 97
6 10
6 13
6 18
6 22
6 30
6 37
6 42
6 46
6 51
6 54
6 58
6 60
6 65
6 70
6 72
6 74
6 77
6 78
6 86
6 87
6 89
6 91
6 92
6 94
6 95
6 97
7 8
7 9
7 10
7 17
7 18
7 19
7 26
7 27
7 31
7 33
7 35
7 39
7 43
7 47
7 51
7 53
7 55
7 56
7 60
7 67
7 70
7 74
7 75
7 76
7 79
7 82
7 83
7 87
7 89
7 91
7 95
8 12
8 16
8 24
8 32
8 36
8 38
8 40
8 43
8 44
8 45
8 48
8 51
8 55
8 56
8 61
8 68
8 72
8 75
8 76
8 80
8 84
8 88
8 89
8 97
9 10
9 13
9 16
9 17
9 21
9 24
9 27
9 30
9 31
9 33
9 44
9 47
9 49
9 50
9 51
9 53
9 54
9 57
9 60
9 65
9 73
9 74
9 75
9 78
9 82
9 83
9 93
9 96
9 97
10 14
10 16
10 22
10 29
10 31
10 34
10 35
10 46
10 48
10 54
10 58
10 59
10 60
10 70
10 78
10 86
10 87
10 89
10 90
10 91
10 93
10 94
10 95
10 96
10 97
11 19
11 28
11 31
11 32
11 36
11 40
11 43
11 51
11 53
11 55
11 59
11 61
11 62
11 71
11 74
11 90
11 91
11 95
11 98
12 15
12 19
12 24
12 26
12 27
12 28
12 31
12 32
12 35
12 36
12 37
12 41
12 42
12 45
12 48
12 52
12 56
12 58
12 60
12 65
12 72
12 75
12 76
12 79
12 86
12 90
12 91
12 92
13 17
13 21
13 31
13 33
13 39
13 41
13 45
13 46
13 53
13 57
13 60
13 61
13 63
13 65
13 69
13 71
13 72
13 77
13 79
13 80
13 83
13 85
13 86
13 92
13 93
13 97
14 15
14 16
14 18
14 22
14 26
14 33
14 38
14 46
14 48
14 49
14 50
14 54
14 58
14 62
14 66
14 70
14 71
14 74
14 75
14 77
14 78
14 82
14 90
14 93
14 94
14 97
15 16
15 19
15 23
15 24
15 26
15 31
15 35
15 36
15 38
15 43
15 46
15 47
15 51
15 55
15 65
15 72
15 75
15 76
15 79
15 82
15 83
15 84
15 85
15 86
15 87
15 89
15 90
15 91
15 95
15 99
16 17
16 19
16 25
16 28
16 32
16 34
16 37
16 40
16 46
16 47
16 50
16 52
16 56
16 57
16 64
16 66
16 68
16 69
16 72
16 76
16 79
16 82
16 84
16 88
16 90
16 92
16 99
17 18
17 20
17 21
17 23
17 25
17 27
17 35
17 37
17 41
17 43
17 50
17 51
17 54
17 64
17 67
17 73
17 74
17 77
17 83
17 85
17 87
17 93
17 96
18 26
18 34
18 42
18 43
18 44
18 46
18 50
18 53
18 55
18 58
18 61
18 64
18 70
18 74
18 82
18 86
18 87
19 23
19 25
19 26
19 27
19 35
19 39
19 47
19 55
19 56
19 60
19 63
19 71
19 75
19 80
19 81
19 83
19 84
19 87
19 91
19 95
19 98
19 99
20 23
20 24
20 28
20 31
20 34
20 36
20 39
20 41
20 48
20 49
20 55
20 60
20 68
20 70
20 76
20 80
20 84
20 96
21 26
21 28
21 29
21 30
21 31
21 33
21 35
21 41
21 44
21 49
21 57
21 63
21 66
21 67
21 69
21 71
21 77
21 85
21 87
21 89
21 93
21 97
21 98
22 26
22 30
22 32
22 36
22 45
22 50
22 51
22 54
22 61
22 62
22 72
22 78
22 81
22 82
22 86
22 90
22 94
22 98
23 24
23 31
23 33
23 39
23 43
23 47
23 49
23 50
23 51
23 52
23 55
23 59
23 62
23 68
23 71
23 75
23 76
23 78
23 79
23 83
23 91
23 99
24 26
24 28
24 30
24 31
24 32
24 33
24 36
24 40
24 41
24 53
24 54
24 57
24 63
24 64
24 76
24 78
24 79
24 80
24 82
24 84
24 88
24 92
25 29
25 33
25 34
25 36
25 39
25 49
25 50
25 53
25 61
25 66
25 68
25 71
25 72
25 73
25 74
25 88
25 91
25 92
25 93
25 96
25 97
26 34
26 43
26 44
26 47
26 50
26 51
26 52
26 54
26 56
26 57
26 59
26 62
26 65
26 66
26 68
26 75
26 79
26 82
26 83
26 86
26 89
26 90
26 97
26 98
26 99
27 31
27 32
27 40
27 43
27 45
27 47
27 58
27 59
27 61
27 63
27 68
27 75
27 79
27 82
27 83
27 86
27 94
27 95
28 29
28 30
28 36
28 37
28 38
28 42
28 48
28 52
28 53
28 60
28 66
28 69
28 76
28 79
28 85
28 88
28 92
28 94
28 95
28 96
28 98
29 30
29 31
29 32
29 33
29 36
29 37
29 41
29 43
29 47
29 49
29 50
29 53
29 56
29 59
29 61
29 69
29 77
29 81
29 85
29 86
29 89
29 91
29 93
29 94
29 95
30 32
30 34
30 35
30 42
30 45
30 56
30 60
30 62
30 66
30 70
30 72
30 74
30 76
30 77
30 78
30 83
30 85
30 86
30 87
30 90
30 97
30 98
30 99
31 33
31 35
31 39
31 43
31 44
31 47
31 48
31 50
31 57
31 59
31 61
31 63
31 65
31 67
31 68
31 69
31 70
31 71
31 75
31 76
31 78
31 87
31 88
31 94
31 99
32 38
32 40
32 44
32 46
32 49
32 54
32 56
32 60
32 64
32 68
32 72
32 79
32 81
32 82
32 83
32 84
32 85
32 87
32 88
32 94
32 96
33 34
33 38
33 41
33 49
33 62
33 63
33 65
33 66
33 67
33 69
33 70
33 73
33 77
33 81
33 82
33 85
33 86
33 90
33 92
33 93
34 37
34 39
34 42
34 49
34 50
34 54
34 57
34 59
34 61
34 62
34 66
34 70
34 71
34 76
34 78
34 85
34 86
34 89
34 94
34 96
34 98
34 99
35 38
35 42
35 43
35 46
35 49
35 51
35 52
35 54
35 55
35 58
35 59
35 62
35 63
35 71
35 75
35 77
35 79
35 85
35 87
35 88
35 94
35 95
35 99
36 44
36 47
36 48
36 53
36 54
36 56
36 63
36 64
36 68
36 72
36 83
36 89
36 90
36 92
36 93
36 95
36 99
37 39
37 41
37 45
37 49
37 53
37 54
37 55
37 56
37 57
37 59
37 61
37 65
37 68
37 70
37 73
37 74
37 75
37 81
37 85
37 93
37 95
37 97
37 98
38 40
38 44
38 45
38 50
38 54
38 56
38 58
38 60
38 62
38 66
38 67
38 70
38 71
38 73
38 78
38 81
38 86
38 87
38 89
38 90
38 93
38 95
38 98
39 43
39 44
39 45
39 47
39 48
39 51
39 52
39 55
39 57
39 59
39 62
39 63
39 67
39 71
39 75
39 80
39 83
39 84
39 85
39 86
39 90
39 91
39 92
39 94
39 99
40 41
40 42
40 43
40 47
40 48
40 52
40 53
40 55
40 59
40 60
40 61
40 64
40 67
40 70
40 72
40 73
40 76
40 77
40 78
40 80
40 81
40 82
40 84
40 92
41 49
41 51
41 55
41 61
41 65
41 67
41 69
41 71
41 77
41 81
41 82
41 89
41 91
41 93
41 97
42 45
42 50
42 54
42 66
42 68
42 70
42 74
42 82
42 90
42 92
42 94
42 95
42 98
42 99
43 49
43 51
43 53
43 59
43 63
43 64
43 67
43 69
43 71
43 75
43 76
43 84
43 86
43 88
43 91
43 92
43 93
43 95
43 99
44 48
44 53
44 80
44 82
44 88
44 89
44 92
44 93
44 95
45 49
45 57
45 60
45 61
45 63
45 73
45 77
45 89
45 91
45 92
45 93
45 95
45 97
45 99
46 50
46 54
46 58
46 60
46 61
46 62
46 69
46 70
46 72
46 75
46 77
46 78
46 79
46 84
46 86
46 90
46 91
46 98
47 52
47 54
47 55
47 62
47 64
47 67
47 68
47 69
47 71
47 73
47 81
47 82
47 87
47 96
48 49
48 58
48 60
48 64
48 68
48 72
48 74
48 79
48 80
48 81
48 92
48 93
48 94
48 95
48 96
48 97
49 51
49 53
49 57
49 58
49 61
49 65
49 66
49 73
49 77
49 78
49 83
49 85
49 86
49 91
49 92
49 93
49 94
49 97
49 98
50 51
50 53
50 57
50 61
50 64
50 66
50 67
50 69
50 74
50 78
50 86
50 87
50 90
50 94
51 55
51 59
51 67
51 71
51 72
51 77
51 79
51 80
51 91
51 93
51 95
51 97
51 98
51 99
52 54
52 56
52 57
52 61
52 64
52 68
52 70
52 76
52 78
52 80
52 81
52 84
52 87
52 88
52 92
52 96
53 54
53 56
53 58
53 61
53 65
53 75
53 91
53 92
53 97
53 99
54 59
54 60
54 62
54 63
54 64
54 66
54 68
54 69
54 74
54 77
54 78
54 80
54 86
54 89
54 92
55 56
55 57
55 59
55 61
55 64
55 67
55 71
55 74
55 75
55 79
55 80
55 81
55 86
55 91
55 94
55 96
55 99
56 60
56 63
56 64
56 65
56 67
56 70
56 75
56 76
56 79
56 80
56 81
56 84
56 88
56 96
56 99
57 61
57 65
57 85
57 97
58 62
58 63
58 65
58 66
58 69
58 73
58 74
58 75
58 79
58 82
58 85
58 92
58 98
59 61
59 63
59 65
59 67
59 71
59 74
59 76
59 79
59 86
59 91
59 93
59 94
59 95
59 99
60 64
60 67
60 71
60 78
60 80
60 86
60 87
60 88
60 91
60 92
60 94
60 96
61 62
61 64
61 65
61 69
61 70
61 71
61 72
61 77
61 84
61 85
61 86
61 89
61 91
61 93
62 63
62 64
62 68
62 74
62 78
62 82
62 85
62 93
62 94
63 66
63 69
63 75
63 76
63 79
63 86
63 92
63 95
63 97
63 99
64 72
64 76
64 79
64 83
64 84
64 88
64 90
64 91
65 69
65 77
65 81
65 89
65 90
65 96
65 97
66 67
66 68
66 70
66 74
66 80
66 82
66 91
66 92
66 94
66 97
66 98
67 68
67 70
67 79
67 84
67 87
67 91
67 96
67 98
67 99
68 76
68 80
68 84
68 85
68 87
68 88
68 92
68 96
69 77
69 81
69 83
69 85
69 86
69 87
69 89
69 93
69 97
70 74
70 80
70 82
70 86
70 88
70 89
70 90
70 93
70 94
70 97
70 98
70 99
71 79
71 82
71 84
71 87
71 91
72 82
72 84
72 88
72 91
72 92
72 96
72 97
72 98
73 87
73 88
73 89
73 94
73 97
74 83
74 89
74 90
74 94
75 82
75 87
75 88
75 90
75 91
75 93
76 78
76 80
76 88
76 89
76 93
76 97
76 99
77 80
77 81
77 89
77 90
77 91
77 97
78 79
78 85
78 87
78 94
78 97
78 98
79 82
79 85
79 86
79 87
79 91
79 93
79 96
79 99
80 84
80 86
80 88
80 89
80 92
80 95
80 96
80 98
81 85
81 86
81 93
81 95
82 83
82 90
82 96
82 97
82 98
82 99
83 84
83 86
83 87
83 94
83 95
83 99
84 86
84 90
85 88
85 90
85 92
85 97
86 90
86 94
86 95
86 97
86 98
87 90
87 91
87 95
87 99
88 95
89 90
89 93
89 94
89 97
90 94
90 95
91 99
92 94
92 96
93 97
94 98
96 98
97 99
