0 4
0 8
0 12
0 20
0 24
0 28
0 32
0 34
0 36
0 40
0 44
0 48
0 52
0 56
0 60
0 68
0 72
0 80
0 84
0 88
0 92
0 96
1 5
1 9
1 13
1 17
1 21
1 25
1 29
1 33
1 37
1 41
1 45
1 49
1 53
1 57
1 61
1 65
1 69
1 73
1 77
1 81
1 85
1 88
1 89
1 91
1 93
1 97
2 4
2 6
2 7
2 10
2 14
2 18
2 26
2 30
2 34
2 36
2 38
2 42
2 46
2 50
2 54
2 58
2 62
2 66
2 70
2 74
2 78
2 80
2 82
2 83
2 86
2 90
2 94
2 98
3 7
3 11
3 15
3 19
3 23
3 31
3 35
3 39
3 43
3 47
3 51
3 55
3 59
3 63
3 67
3 71
3 75
3 79
3 83
3 91
3 95
3 99
4 8
4 12
4 14
4 16
4 20
4 24
4 32
4 36
4 40
4 44
4 45
4 48
4 52
4 56
4 59
4 60
4 64
4 68
4 72
4 73
4 76
4 80
4 84
4 86
4 88
4 92
4 96
5 9
5 13
5 17
5 21
5 25
5 27
5 28
5 29
5 33
5 37
5 41
5 45
5 48
5 49
5 50
5 53
5 55
5 57
5 61
5 65
5 69
5 73
5 77
5 81
5 85
5 88
5 89
5 93
5 96
5 97
6 14
6 18
6 22
6 24
6 30
6 34
6 42
6 45
6 46
6 50
6 54
6 58
6 62
6 66
6 70
6 71
6 73
6 74
6 75
6 78
6 82
6 85
6 86
6 90
6 94
6 98
7 11
7 15
7 19
7 21
7 23
7 31
7 35
7 39
7 43
7 51
7 55
7 59
7 63
7 67
7 71
7 75
7 79
7 81
7 83
7 87
7 91
7 95
7 99
8 12
8 16
8 20
8 24
8 32
8 36
8 37
8 40
8 43
8 44
8 48
8 51
8 52
8 56
8 60
8 68
8 72
8 75
8 76
8 88
9 13
9 17
9 21
9 25
9 29
9 33
9 45
9 49
9 53
9 57
9 61
9 65
9 69
9 73
9 77
9 85
9 87
9 89
9 93
9 97
10 11
10 14
10 18
10 22
10 26
10 30
10 34
10 38
10 42
10 50
10 54
10 55
10 56
10 58
10 61
10 62
10 64
10 66
10 69
10 70
10 74
10 78
10 82
10 86
10 90
10 94
10 98
11 15
11 19
11 23
11 27
11 41
11 43
11 46
11 51
11 55
11 58
11 59
11 63
11 67
11 71
11 75
11 79
11 83
11 85
11 87
11 91
11 95
11 99
12 20
12 21
12 24
12 32
12 34
12 36
12 38
12 40
12 44
12 48
12 52
12 53
12 56
12 60
12 64
12 68
12 72
12 76
12 80
12 84
12 88
12 96
13 17
13 21
13 23
13 25
13 29
13 33
13 37
13 41
13 45
13 49
13 51
13 53
13 57
13 61
13 64
13 69
13 70
13 73
13 77
13 81
13 85
13 89
13 93
13 97
14 17
14 18
14 22
14 26
14 30
14 34
14 38
14 42
14 46
14 50
14 54
14 66
14 70
14 74
14 78
14 90
14 94
14 98
15 19
15 23
15 27
15 31
15 35
15 39
15 43
15 47
15 51
15 54
15 55
15 59
15 63
15 67
15 71
15 79
15 83
15 87
15 91
15 95
15 97
15 99
16 20
16 22
16 24
16 28
16 32
16 36
16 40
16 44
16 48
16 52
16 54
16 56
16 58
16 60
16 64
16 68
16 72
16 74
16 76
16 80
16 84
16 88
16 92
16 93
16 96
16 97
17 19
17 21
17 25
17 33
17 37
17 41
17 44
17 45
17 49
17 53
17 57
17 58
17 61
17 65
17 69
17 73
17 77
17 81
17 85
17 89
17 93
17 97
18 21
18 22
18 26
18 30
18 33
18 34
18 38
18 46
18 50
18 51
18 54
18 58
18 62
18 66
18 70
18 74
18 75
18 78
18 82
18 86
18 90
18 94
18 98
19 23
19 25
19 27
19 31
19 35
19 39
19 43
19 47
19 51
19 54
19 55
19 59
19 61
19 63
19 67
19 71
19 75
19 80
19 83
19 84
19 87
19 91
19 93
19 95
19 99
20 23
20 24
20 28
20 32
20 34
20 36
20 40
20 44
20 48
20 52
20 56
20 60
20 61
20 68
20 72
20 76
20 80
20 84
20 89
20 92
20 96
21 25
21 28
21 29
21 33
21 37
21 41
21 49
21 53
21 57
21 61
21 65
21 69
21 73
21 77
21 81
21 85
21 89
21 93
21 96
21 97
22 26
22 30
22 33
22 34
22 38
22 40
22 42
22 46
22 49
22 50
22 54
22 58
22 62
22 66
22 70
22 74
22 78
22 82
22 86
22 90
22 94
22 98
23 31
23 35
23 39
23 43
23 45
23 51
23 55
23 59
23 63
23 67
23 71
23 75
23 79
23 83
23 87
23 89
23 91
23 95
23 99
24 28
24 32
24 33
24 36
24 39
24 40
24 44
24 48
24 52
24 53
24 56
24 60
24 64
24 68
24 72
24 76
24 80
24 84
24 88
24 90
24 92
24 96
25 29
25 33
25 37
25 41
25 42
25 45
25 49
25 52
25 57
25 61
25 65
25 69
25 70
25 73
25 76
25 77
25 81
25 83
25 85
25 89
25 97
26 30
26 34
26 38
26 42
26 43
26 46
26 50
26 54
26 58
26 62
26 66
26 70
26 74
26 78
26 86
26 90
26 92
26 94
26 98
27 29
27 31
27 35
27 39
27 42
27 43
27 47
27 51
27 53
27 55
27 56
27 59
27 63
27 71
27 75
27 79
27 83
27 87
27 91
27 93
27 95
27 99
28 29
28 36
28 40
28 49
28 52
28 56
28 60
28 64
28 68
28 72
28 76
28 80
28 84
28 87
28 88
28 92
28 96
29 33
29 37
29 41
29 45
29 49
29 53
29 57
29 61
29 65
29 69
29 73
29 77
29 81
29 85
29 89
29 93
29 97
30 38
30 42
30 50
30 51
30 54
30 62
30 66
30 70
30 74
30 78
30 79
30 82
30 86
30 88
30 90
30 94
30 98
31 36
31 38
31 39
31 43
31 47
31 51
31 55
31 56
31 59
31 63
31 67
31 71
31 75
31 79
31 83
31 87
31 91
31 95
31 99
32 36
32 44
32 48
32 52
32 53
32 56
32 60
32 68
32 71
32 72
32 76
32 80
32 81
32 84
32 87
32 88
32 92
32 96
33 37
33 38
33 41
33 45
33 49
33 53
33 61
33 65
33 69
33 73
33 74
33 77
33 81
33 85
33 89
33 93
33 97
34 38
34 41
34 42
34 44
34 46
34 50
34 54
34 58
34 62
34 66
34 70
34 74
34 78
34 82
34 86
34 90
34 94
34 98
35 39
35 43
35 47
35 55
35 58
35 59
35 63
35 67
35 71
35 75
35 79
35 83
35 87
35 91
35 95
35 99
36 38
36 40
36 44
36 48
36 52
36 56
36 60
36 64
36 66
36 68
36 72
36 74
36 76
36 80
36 84
36 86
36 88
36 92
36 96
37 41
37 49
37 50
37 53
37 57
37 61
37 65
37 69
37 73
37 78
37 81
37 85
37 93
38 42
38 46
38 50
38 54
38 58
38 62
38 66
38 70
38 74
38 78
38 81
38 82
38 86
38 90
38 98
39 43
39 47
39 51
39 59
39 63
39 64
39 67
39 71
39 75
39 79
39 82
39 85
39 87
39 91
39 95
39 99
40 48
40 52
40 56
40 64
40 68
40 72
40 76
40 80
40 84
40 85
40 92
40 96
41 45
41 49
41 53
41 57
41 61
41 67
41 69
41 73
41 75
41 77
41 81
41 85
41 86
41 89
41 91
41 93
41 97
42 43
42 46
42 50
42 52
42 54
42 57
42 58
42 62
42 66
42 70
42 74
42 78
42 80
42 82
42 86
42 89
42 90
42 94
42 95
42 98
43 47
43 51
43 53
43 55
43 59
43 63
43 67
43 75
43 79
43 83
43 87
43 91
43 95
43 99
44 48
44 52
44 56
44 60
44 64
44 68
44 72
44 76
44 80
44 84
44 89
44 92
44 96
45 49
45 57
45 61
45 63
45 65
45 69
45 73
45 77
45 85
45 89
45 93
45 97
46 50
46 54
46 58
46 62
46 66
46 68
46 70
46 73
46 74
46 77
46 78
46 82
46 90
46 94
46 98
47 51
47 55
47 59
47 64
47 67
47 71
47 75
47 79
47 83
47 85
47 87
47 90
47 91
47 99
48 49
48 52
48 56
48 60
48 64
48 68
48 72
48 76
48 80
48 84
48 88
48 92
48 96
49 52
49 57
49 61
49 65
49 69
49 73
49 77
49 81
49 85
49 89
49 93
49 95
49 97
50 54
50 58
50 62
50 66
50 67
50 69
50 70
50 72
50 74
50 75
50 78
50 79
50 82
50 86
50 90
50 94
50 98
51 55
51 59
51 63
51 67
51 71
51 75
51 79
51 83
51 87
51 91
51 95
51 99
52 56
52 60
52 64
52 68
52 72
52 76
52 80
52 84
52 86
52 88
52 90
52 92
52 96
53 55
53 56
53 57
53 61
53 65
53 68
53 69
53 73
53 77
53 81
53 85
53 89
53 93
54 58
54 62
54 66
54 70
54 74
54 78
54 86
54 90
54 94
54 98
55 59
55 63
55 67
55 71
55 75
55 79
55 83
55 87
55 91
55 95
55 99
56 64
56 72
56 76
56 80
56 84
56 88
56 92
56 96
57 58
57 61
57 65
57 66
57 69
57 73
57 77
57 81
57 89
57 93
57 97
58 62
58 66
58 70
58 78
58 82
58 86
58 90
58 94
58 98
59 63
59 67
59 71
59 73
59 75
59 76
59 79
59 83
59 87
59 91
59 94
59 95
59 99
60 64
60 68
60 70
60 72
60 76
60 80
60 84
60 88
60 92
60 96
61 66
61 69
61 73
61 77
61 81
61 85
61 89
61 93
61 97
62 66
62 69
62 70
62 74
62 78
62 82
62 86
62 90
62 94
62 98
63 67
63 71
63 75
63 79
63 83
63 91
63 95
63 99
64 72
64 80
64 84
64 88
64 92
64 96
65 73
65 77
65 81
65 85
65 89
65 93
65 96
65 97
66 70
66 74
66 78
66 81
66 82
66 86
66 90
66 94
66 98
67 71
67 72
67 76
67 79
67 83
67 87
67 88
67 91
67 94
67 95
67 99
68 72
68 74
68 76
68 83
68 84
68 88
68 92
68 96
69 70
69 73
69 77
69 81
69 83
69 85
69 86
69 93
69 97
70 74
70 78
70 82
70 86
70 90
70 94
71 75
71 79
71 83
71 84
71 87
71 91
71 95
71 99
72 76
72 80
72 88
72 92
72 96
73 77
73 81
73 85
73 89
73 93
73 97
74 75
74 78
74 82
74 86
74 88
74 90
74 94
74 98
75 76
75 79
75 87
75 91
75 95
75 99
76 80
76 84
76 88
76 99
77 79
77 81
77 85
77 89
77 93
77 97
78 82
78 86
78 90
78 93
78 94
78 98
79 83
79 87
79 91
79 95
79 99
80 84
80 88
80 92
80 96
81 85
81 89
81 93
81 97
81 99
82 86
82 90
82 98
83 84
83 87
83 91
83 95
83 99
84 88
84 92
84 96
85 89
85 90
85 93
85 96
85 97
86 90
86 94
86 98
87 95
87 99
88 92
88 96
88 97
89 93
89 97
90 91
90 94
90 98
91 95
91 99
92 96
93 97
94 98
95 98
96 98
