0 2
0 4
0 9
0 12
0 16
0 17
0 32
0 36
0 40
0 44
0 52
0 54
0 61
0 63
0 64
0 68
0 72
0 74
1 5
1 9
1 13
1 17
1 21
1 29
1 37
1 41
1 45
1 46
1 49
1 57
1 61
1 68
1 69
1 77
1 97
1 99
2 6
2 8
2 10
2 14
2 22
2 30
2 38
2 42
2 51
2 62
2 66
2 67
2 71
2 74
2 81
2 82
2 86
2 90
2 94
2 98
3 7
3 9
3 11
3 15
3 19
3 20
3 23
3 27
3 55
3 59
3 63
3 65
3 67
3 71
3 75
3 86
3 87
3 91
3 99
4 8
4 12
4 16
4 24
4 28
4 36
4 40
4 44
4 46
4 50
4 60
4 64
4 76
4 78
4 80
4 92
4 96
5 9
5 13
5 17
5 29
5 33
5 37
5 41
5 49
5 57
5 61
5 65
5 73
5 76
5 77
5 85
5 89
5 93
5 97
6 10
6 14
6 22
6 26
6 31
6 34
6 37
6 42
6 54
6 60
6 70
6 82
6 83
6 86
6 87
6 90
6 94
7 9
7 19
7 23
7 27
7 31
7 51
7 55
7 59
7 79
7 81
7 87
7 91
8 16
8 20
8 25
8 32
8 36
8 47
8 48
8 52
8 64
8 68
8 72
8 73
8 80
8 81
8 84
8 85
8 89
8 96
9 13
9 17
9 21
9 25
9 29
9 41
9 49
9 53
9 57
9 61
9 65
9 72
9 77
9 81
9 85
9 95
10 14
10 18
10 22
10 34
10 39
10 43
10 46
10 47
10 50
10 54
10 58
10 62
10 70
10 77
10 86
10 96
10 98
11 15
11 19
11 31
11 38
11 55
11 59
11 61
11 63
11 67
11 78
11 83
11 91
11 95
11 99
12 13
12 14
12 20
12 24
12 29
12 36
12 44
12 52
12 56
12 69
12 73
12 76
12 80
12 92
12 96
12 97
13 17
13 20
13 21
13 29
13 35
13 37
13 41
13 49
13 53
13 55
13 57
13 60
13 61
13 62
13 65
13 69
13 70
13 77
13 81
13 85
13 89
13 98
14 17
14 22
14 26
14 29
14 34
14 41
14 42
14 46
14 50
14 54
14 58
14 62
14 69
14 70
14 74
14 78
14 82
14 86
14 88
14 95
14 98
15 19
15 23
15 27
15 29
15 31
15 35
15 39
15 51
15 55
15 59
15 63
15 71
15 74
15 75
15 79
15 81
15 91
15 92
15 95
15 99
16 20
16 24
16 30
16 32
16 40
16 48
16 52
16 56
16 58
16 60
16 63
16 65
16 68
16 72
16 76
16 84
16 92
16 96
17 19
17 25
17 29
17 41
17 49
17 53
17 58
17 61
17 65
17 69
17 71
17 72
17 73
17 79
17 92
17 97
18 22
18 34
18 38
18 42
18 50
18 54
18 59
18 60
18 62
18 86
18 90
18 98
19 23
19 27
19 31
19 35
19 39
19 47
19 57
19 59
19 63
19 67
19 71
19 79
19 80
19 95
19 99
20 24
20 28
20 32
20 36
20 43
20 52
20 64
20 68
20 72
20 84
20 88
20 92
21 29
21 33
21 34
21 37
21 41
21 49
21 53
21 57
21 61
21 85
21 97
22 26
22 30
22 34
22 50
22 54
22 62
22 66
22 68
22 78
22 82
22 90
22 91
23 39
23 42
23 47
23 59
23 63
23 72
23 83
23 87
23 91
23 95
23 99
24 28
24 52
24 60
24 64
24 72
24 80
24 84
24 86
24 88
24 92
24 94
24 96
25 29
25 33
25 35
25 37
25 43
25 44
25 45
25 49
25 57
25 61
25 65
25 66
25 69
25 73
25 79
25 81
25 85
25 86
25 89
25 92
25 93
25 97
26 27
26 34
26 38
26 42
26 54
26 58
26 66
26 70
26 76
26 82
26 86
26 94
26 98
27 31
27 43
27 47
27 51
27 59
27 60
27 71
27 87
27 90
27 96
27 99
28 32
28 34
28 40
28 44
28 48
28 52
28 56
28 60
28 64
28 72
28 76
28 80
28 82
28 92
28 96
29 33
29 37
29 57
29 64
29 65
29 69
29 73
29 81
29 85
29 93
29 97
30 32
30 38
30 58
30 64
30 70
30 77
30 82
30 94
31 34
31 35
31 39
31 43
31 47
31 55
31 63
31 72
31 78
31 79
31 83
31 87
31 91
31 95
32 36
32 40
32 44
32 48
32 52
32 56
32 64
32 68
32 69
32 76
32 77
32 88
32 89
33 45
33 57
33 61
33 65
33 73
33 74
33 77
33 81
33 85
33 89
33 97
34 38
34 46
34 50
34 54
34 58
34 61
34 65
34 76
34 81
34 86
34 94
35 39
35 47
35 55
35 58
35 59
35 71
35 75
35 79
35 99
36 40
36 44
36 56
36 71
36 72
36 78
36 80
36 88
36 92
36 96
37 41
37 53
37 57
37 61
37 62
37 63
37 65
37 69
37 77
37 81
37 89
37 93
38 46
38 58
38 62
38 66
38 70
38 73
38 78
38 82
38 90
38 91
38 94
38 98
39 43
39 51
39 57
39 59
39 66
39 67
39 71
39 75
39 79
39 83
39 99
40 48
40 56
40 60
40 64
40 68
40 70
40 72
40 74
40 84
40 92
41 53
41 61
41 66
41 69
41 85
41 89
42 50
42 58
42 62
42 66
42 70
42 74
42 77
42 78
42 82
42 86
42 90
42 98
43 47
43 51
43 55
43 59
43 62
43 63
43 67
43 71
43 73
43 82
43 83
43 86
43 91
44 45
44 48
44 56
44 64
44 68
44 72
44 84
44 88
44 92
44 96
45 51
45 52
45 53
45 57
45 61
45 66
45 69
45 81
45 89
45 97
46 50
46 54
46 74
46 78
46 86
46 90
46 94
46 96
46 98
47 55
47 63
47 67
47 79
47 83
47 87
47 91
47 95
47 96
48 60
48 64
48 76
48 84
48 96
48 99
49 53
49 65
49 69
49 75
49 77
49 80
49 81
49 85
49 93
49 97
50 54
50 58
50 60
50 65
50 66
50 75
50 82
50 86
50 90
50 94
50 99
51 55
51 59
51 79
51 87
51 91
51 95
51 99
52 60
52 64
52 68
52 72
52 80
52 84
52 93
52 94
52 96
52 98
53 57
53 61
53 65
53 81
53 85
53 89
53 93
54 62
54 70
54 74
54 82
54 86
54 94
54 98
55 59
55 64
55 65
55 67
55 71
55 75
55 79
55 82
55 84
55 88
55 95
55 99
56 64
56 72
56 76
56 80
56 88
56 97
57 64
57 69
57 73
57 75
57 77
57 81
57 88
57 89
57 97
58 66
58 74
58 81
58 90
58 92
58 94
59 63
59 66
59 67
59 71
59 75
59 79
59 83
59 87
59 90
59 91
59 95
59 99
60 68
60 69
60 76
60 92
60 98
61 65
61 73
61 77
61 81
61 85
61 93
61 97
62 66
62 78
62 86
62 90
62 94
62 98
63 75
63 79
63 87
63 92
63 95
63 99
64 68
64 76
64 80
64 92
64 94
64 96
65 81
65 85
65 89
65 93
65 98
66 70
66 75
66 82
66 86
66 98
67 75
67 79
67 87
67 91
67 95
67 99
68 72
68 76
68 79
68 93
68 94
68 96
69 73
69 77
69 81
69 85
69 89
69 93
69 97
70 74
70 85
70 86
71 75
71 79
71 83
71 87
71 91
71 94
71 95
71 99
72 80
72 87
72 95
73 77
73 81
73 85
73 89
74 76
74 78
74 79
74 82
74 93
74 94
74 98
75 84
75 87
75 88
75 91
76 88
76 96
77 79
77 81
77 85
78 82
78 86
78 94
78 98
79 85
79 91
79 95
79 96
79 99
80 83
80 88
80 92
80 96
81 83
81 89
82 86
82 88
82 94
83 91
83 95
84 92
84 96
85 91
86 90
86 94
86 98
87 88
87 91
88 92
88 96
88 97
89 97
89 99
90 98
91 95
91 98
92 94
92 96
92 98
93 99
94 98
95 96
95 98
95 99
