0 2
0 4
0 8
0 12
0 16
0 20
0 32
0 35
0 38
0 40
0 43
0 44
0 46
0 47
0 48
0 56
0 58
0 60
0 68
0 72
0 76
0 80
0 85
0 96
1 5
1 13
1 17
1 21
1 22
1 29
1 33
1 45
1 57
1 62
1 65
1 69
1 73
1 85
1 87
1 93
1 99
2 6
2 10
2 14
2 18
2 23
2 26
2 30
2 34
2 38
2 42
2 50
2 55
2 62
2 63
2 66
2 70
2 78
2 82
2 90
3 7
3 8
3 11
3 15
3 23
3 28
3 29
3 31
3 32
3 35
3 39
3 43
3 47
3 51
3 53
3 55
3 67
3 75
3 79
3 83
3 86
3 87
3 99
4 8
4 16
4 20
4 24
4 27
4 28
4 32
4 36
4 44
4 48
4 52
4 56
4 60
4 66
4 68
4 72
4 76
4 80
4 88
4 92
5 6
5 9
5 13
5 15
5 21
5 33
5 37
5 41
5 45
5 53
5 61
5 65
5 69
5 70
5 73
5 77
5 81
5 85
5 91
5 93
5 97
6 10
6 14
6 18
6 22
6 26
6 30
6 34
6 35
6 38
6 42
6 46
6 50
6 52
6 54
6 62
6 66
6 68
6 70
6 78
6 82
6 86
6 90
6 93
6 94
6 98
7 11
7 19
7 27
7 31
7 39
7 43
7 44
7 47
7 51
7 55
7 59
7 63
7 71
7 79
7 83
7 87
7 95
7 99
8 12
8 24
8 35
8 36
8 40
8 44
8 52
8 54
8 56
8 68
8 74
8 76
8 80
8 84
8 92
8 96
9 13
9 17
9 25
9 29
9 41
9 49
9 51
9 53
9 57
9 61
9 69
9 77
9 81
9 84
9 85
9 97
10 14
10 19
10 22
10 30
10 38
10 46
10 50
10 54
10 58
10 60
10 62
10 66
10 68
10 70
10 78
10 82
10 88
10 90
10 94
11 12
11 15
11 19
11 27
11 29
11 31
11 32
11 40
11 43
11 47
11 48
11 51
11 55
11 59
11 63
11 71
11 79
11 83
11 91
11 97
11 99
12 16
12 20
12 24
12 32
12 36
12 40
12 44
12 48
12 52
12 64
12 68
12 72
12 76
12 80
12 88
12 92
12 93
12 96
12 97
13 17
13 21
13 25
13 33
13 37
13 41
13 45
13 48
13 49
13 53
13 57
13 61
13 65
13 69
13 73
13 77
13 81
13 85
13 89
13 97
14 18
14 22
14 30
14 38
14 42
14 46
14 50
14 54
14 58
14 66
14 70
14 74
14 78
14 82
14 84
14 86
14 90
14 94
14 98
15 23
15 27
15 31
15 35
15 39
15 42
15 45
15 47
15 66
15 75
15 83
15 87
15 95
15 99
16 20
16 28
16 32
16 40
16 48
16 52
16 56
16 60
16 61
16 64
16 68
16 72
16 76
16 80
16 84
16 88
16 92
16 95
17 21
17 29
17 37
17 41
17 42
17 45
17 48
17 49
17 51
17 55
17 57
17 61
17 65
17 73
17 75
17 81
17 85
17 89
17 93
18 22
18 30
18 34
18 38
18 42
18 48
18 54
18 55
18 58
18 62
18 65
18 66
18 69
18 70
18 74
18 78
18 82
18 86
18 90
18 92
18 98
19 23
19 26
19 27
19 35
19 43
19 63
19 67
19 71
19 79
19 83
19 86
19 87
19 95
19 99
20 24
20 28
20 32
20 36
20 44
20 46
20 48
20 56
20 60
20 64
20 68
20 72
20 76
20 80
20 83
20 84
20 92
21 25
21 35
21 37
21 39
21 40
21 41
21 45
21 46
21 53
21 61
21 65
21 69
21 73
21 81
21 89
21 97
22 26
22 30
22 32
22 34
22 38
22 42
22 46
22 50
22 51
22 54
22 70
22 73
22 78
22 90
22 94
22 96
22 98
23 26
23 27
23 35
23 43
23 51
23 55
23 57
23 59
23 70
23 71
23 75
23 79
23 83
23 87
23 89
23 91
23 95
23 99
24 27
24 28
24 31
24 32
24 47
24 48
24 51
24 52
24 56
24 60
24 64
24 68
24 76
24 80
24 84
24 88
25 26
25 36
25 37
25 41
25 45
25 53
25 57
25 61
25 63
25 65
25 69
25 81
25 89
25 93
25 97
26 38
26 42
26 46
26 54
26 62
26 65
26 66
26 70
26 74
26 78
26 82
26 86
26 90
26 94
26 97
26 98
27 31
27 32
27 33
27 35
27 39
27 43
27 44
27 47
27 51
27 59
27 63
27 79
27 88
27 91
27 95
27 99
28 32
28 36
28 40
28 44
28 48
28 51
28 60
28 64
28 68
28 96
29 37
29 49
29 53
29 57
29 61
29 65
29 73
29 74
29 77
29 81
29 85
29 89
29 97
30 34
30 38
30 42
30 46
30 49
30 50
30 54
30 58
30 62
30 66
30 82
30 86
30 90
30 92
30 94
30 98
31 35
31 43
31 48
31 51
31 55
31 59
31 63
31 64
31 67
31 71
31 75
31 83
31 87
31 91
31 93
31 94
31 95
31 99
32 36
32 39
32 44
32 48
32 52
32 56
32 60
32 61
32 64
32 72
32 76
32 82
32 84
32 92
33 37
33 41
33 45
33 53
33 57
33 61
33 65
33 69
33 71
33 73
33 77
33 81
33 83
33 85
33 89
33 97
34 38
34 42
34 46
34 54
34 56
34 58
34 62
34 66
34 68
34 70
34 74
34 78
34 82
34 90
35 39
35 43
35 45
35 51
35 55
35 59
35 63
35 67
35 71
35 75
35 83
35 87
35 88
35 95
35 96
35 97
35 99
36 38
36 40
36 44
36 48
36 52
36 56
36 60
36 64
36 68
36 69
36 76
36 80
36 81
36 84
36 88
36 92
37 40
37 51
37 57
37 61
37 65
37 69
37 73
37 76
37 77
37 79
37 81
37 85
37 89
37 93
37 96
37 97
38 42
38 50
38 58
38 62
38 66
38 70
38 74
38 78
38 82
38 83
38 86
38 90
38 94
38 97
38 98
38 99
39 42
39 43
39 44
39 55
39 59
39 63
39 71
39 75
39 79
39 85
39 87
39 95
39 99
40 44
40 48
40 52
40 56
40 58
40 60
40 64
40 66
40 68
40 72
40 75
40 76
40 85
40 90
40 94
41 45
41 49
41 53
41 57
41 61
41 65
41 68
41 69
41 73
41 77
41 85
41 89
41 97
42 43
42 46
42 50
42 54
42 58
42 62
42 66
42 68
42 70
42 74
42 78
42 81
42 83
42 90
42 98
43 51
43 55
43 63
43 75
43 79
43 83
43 87
43 91
43 92
43 95
43 99
44 48
44 52
44 53
44 56
44 60
44 64
44 69
44 72
44 80
44 88
44 92
44 96
45 49
45 53
45 58
45 61
45 69
45 73
45 77
45 85
45 89
45 93
45 97
46 50
46 54
46 58
46 60
46 62
46 78
46 82
46 90
46 94
46 98
46 99
47 49
47 54
47 59
47 67
47 71
47 77
47 78
47 79
47 82
47 83
47 87
47 91
47 95
47 99
48 60
48 64
48 69
48 70
48 76
48 88
48 92
48 94
49 53
49 61
49 69
49 73
49 81
49 89
49 93
49 97
50 51
50 57
50 62
50 66
50 68
50 70
50 74
50 82
50 84
50 90
50 94
50 98
51 57
51 63
51 67
51 71
51 75
51 79
51 83
51 87
51 90
51 95
52 60
52 68
52 72
52 76
52 80
52 84
52 88
52 92
52 93
52 96
53 65
53 66
53 69
53 77
53 81
53 85
53 92
53 93
53 97
54 61
54 62
54 66
54 74
54 78
54 82
54 86
54 90
54 93
54 94
54 98
55 59
55 63
55 66
55 67
55 73
55 79
55 91
55 95
55 99
56 60
56 64
56 68
56 72
56 84
56 89
56 96
57 61
57 65
57 69
57 72
57 73
57 87
57 89
57 93
57 97
57 98
58 62
58 66
58 70
58 74
58 78
58 82
58 90
58 94
58 97
58 98
59 63
59 67
59 71
59 79
59 87
59 91
59 95
59 99
60 62
60 64
60 68
60 69
60 72
60 76
60 84
60 92
61 65
61 69
61 73
61 77
61 81
61 89
61 93
61 97
62 67
62 70
62 74
62 82
62 90
62 94
62 98
63 67
63 71
63 79
63 91
63 92
63 99
64 68
64 72
64 76
64 84
64 88
64 92
64 95
64 96
65 69
65 70
65 73
65 77
65 81
65 85
65 87
65 89
66 70
66 74
66 82
66 86
66 94
66 98
67 71
67 75
67 76
67 87
67 95
67 97
67 99
68 70
68 72
68 76
68 80
68 84
68 85
68 92
68 98
69 73
69 77
69 81
69 85
70 74
70 78
70 82
70 94
70 98
71 79
71 83
71 91
71 95
72 76
72 80
72 84
72 88
72 92
72 96
73 77
73 85
73 89
73 93
74 78
74 82
74 86
74 90
74 98
75 79
75 83
75 87
75 91
75 99
76 92
76 96
76 97
77 81
77 85
77 89
77 93
77 95
77 97
78 82
78 85
78 86
78 92
78 98
79 83
79 91
79 99
80 84
80 88
80 94
80 96
81 85
81 89
81 93
81 97
82 86
82 88
82 98
83 87
83 91
83 95
84 92
84 96
85 93
85 97
86 90
86 94
86 98
87 91
87 95
87 99
88 98
89 93
90 94
90 99
91 95
92 96
93 97
95 99
