0 2
0 4
0 8
0 9
0 12
0 16
0 20
0 24
0 26
0 28
0 32
0 36
0 38
0 40
0 44
0 48
0 52
0 56
0 60
0 63
0 64
0 68
0 69
0 72
0 76
0 80
0 84
0 88
0 92
0 96
1 5
1 9
1 13
1 17
1 18
1 24
1 25
1 27
1 29
1 31
1 33
1 34
1 37
1 39
1 41
1 45
1 49
1 53
1 57
1 61
1 63
1 65
1 69
1 73
1 77
1 78
1 80
1 81
1 85
1 89
1 93
1 97
2 5
2 6
2 9
2 10
2 14
2 18
2 19
2 26
2 27
2 30
2 33
2 34
2 38
2 41
2 42
2 46
2 50
2 54
2 58
2 62
2 66
2 70
2 74
2 78
2 82
2 86
2 90
2 94
3 7
3 11
3 12
3 15
3 19
3 23
3 27
3 28
3 31
3 35
3 39
3 43
3 47
3 52
3 53
3 55
3 59
3 61
3 63
3 67
3 69
3 71
3 72
3 75
3 79
3 82
3 83
3 86
3 87
3 91
3 95
3 99
4 5
4 8
4 9
4 10
4 12
4 16
4 20
4 24
4 28
4 32
4 36
4 40
4 44
4 48
4 52
4 54
4 55
4 56
4 60
4 64
4 68
4 76
4 80
4 84
4 88
4 92
4 95
4 96
4 97
5 9
5 12
5 13
5 17
5 21
5 25
5 33
5 37
5 41
5 45
5 49
5 50
5 53
5 57
5 59
5 65
5 67
5 69
5 73
5 74
5 75
5 76
5 77
5 78
5 81
5 82
5 84
5 85
5 89
5 92
5 93
6 10
6 11
6 14
6 17
6 18
6 20
6 22
6 28
6 31
6 32
6 34
6 38
6 42
6 46
6 47
6 50
6 54
6 58
6 66
6 70
6 72
6 74
6 78
6 81
6 82
6 86
6 90
6 94
6 97
6 98
7 11
7 15
7 19
7 23
7 27
7 31
7 38
7 39
7 42
7 43
7 47
7 51
7 52
7 53
7 55
7 58
7 59
7 61
7 67
7 69
7 71
7 75
7 78
7 79
7 83
7 87
7 91
7 93
7 95
7 99
8 11
8 12
8 13
8 16
8 17
8 20
8 24
8 28
8 31
8 32
8 36
8 40
8 48
8 50
8 52
8 56
8 60
8 64
8 72
8 80
8 84
8 88
8 92
8 96
9 13
9 17
9 21
9 25
9 35
9 37
9 41
9 44
9 45
9 47
9 49
9 53
9 57
9 61
9 65
9 69
9 73
9 75
9 76
9 79
9 81
9 84
9 85
9 89
9 93
9 97
10 14
10 18
10 21
10 22
10 26
10 30
10 34
10 38
10 46
10 48
10 50
10 54
10 57
10 58
10 62
10 66
10 70
10 71
10 74
10 78
10 81
10 82
10 86
10 90
10 94
10 98
11 12
11 13
11 15
11 19
11 23
11 27
11 31
11 32
11 33
11 35
11 36
11 39
11 43
11 47
11 51
11 55
11 59
11 63
11 71
11 75
11 79
11 83
11 85
11 87
11 91
11 95
11 99
12 14
12 16
12 20
12 21
12 27
12 28
12 32
12 36
12 40
12 44
12 48
12 52
12 56
12 58
12 59
12 60
12 64
12 65
12 68
12 69
12 76
12 78
12 80
12 84
12 88
12 92
12 94
12 96
13 21
13 25
13 29
13 30
13 36
13 37
13 41
13 45
13 49
13 57
13 69
13 72
13 73
13 77
13 81
13 85
13 89
13 91
13 92
13 93
13 97
14 18
14 22
14 26
14 27
14 30
14 34
14 38
14 42
14 46
14 50
14 54
14 62
14 66
14 67
14 70
14 72
14 74
14 78
14 82
14 83
14 86
14 90
14 91
14 94
14 98
15 16
15 19
15 23
15 27
15 29
15 31
15 37
15 38
15 47
15 51
15 53
15 55
15 59
15 62
15 63
15 67
15 71
15 75
15 79
15 83
15 87
15 91
15 95
15 99
16 20
16 22
16 24
16 28
16 32
16 36
16 40
16 41
16 44
16 52
16 53
16 56
16 60
16 64
16 68
16 72
16 76
16 78
16 80
16 82
16 84
16 87
16 88
16 92
16 96
16 97
17 21
17 25
17 29
17 35
17 37
17 41
17 43
17 45
17 49
17 50
17 53
17 57
17 61
17 63
17 65
17 69
17 73
17 77
17 81
17 85
17 89
17 92
17 93
17 97
18 22
18 24
18 26
18 27
18 30
18 34
18 38
18 42
18 45
18 46
18 50
18 54
18 58
18 66
18 67
18 70
18 74
18 78
18 82
18 86
18 90
18 94
18 98
19 27
19 31
19 35
19 39
19 43
19 47
19 51
19 55
19 56
19 57
19 59
19 60
19 62
19 63
19 65
19 67
19 70
19 71
19 75
19 77
19 79
19 83
19 85
19 86
19 87
19 89
19 91
19 92
19 95
19 98
19 99
20 24
20 28
20 32
20 36
20 40
20 44
20 48
20 52
20 56
20 60
20 62
20 64
20 68
20 72
20 76
20 80
20 84
20 85
20 88
20 92
20 96
21 25
21 29
21 31
21 32
21 33
21 37
21 41
21 44
21 45
21 49
21 50
21 53
21 57
21 61
21 65
21 69
21 73
21 77
21 81
21 85
21 89
21 93
21 95
21 97
22 26
22 27
22 30
22 38
22 42
22 43
22 45
22 46
22 50
22 54
22 58
22 66
22 70
22 72
22 74
22 78
22 80
22 82
22 94
22 98
23 27
23 35
23 39
23 43
23 47
23 51
23 55
23 59
23 63
23 67
23 71
23 75
23 79
23 82
23 83
23 86
23 87
23 91
23 95
24 25
24 28
24 32
24 36
24 40
24 43
24 44
24 45
24 48
24 51
24 52
24 56
24 60
24 62
24 64
24 68
24 72
24 73
24 76
24 77
24 80
24 84
24 88
24 90
24 92
25 28
25 29
25 33
25 37
25 38
25 40
25 41
25 45
25 46
25 49
25 55
25 57
25 61
25 65
25 69
25 73
25 77
25 80
25 81
25 85
25 86
25 89
25 93
25 97
26 30
26 34
26 37
26 38
26 42
26 46
26 50
26 53
26 54
26 56
26 58
26 62
26 66
26 70
26 71
26 74
26 78
26 82
26 86
26 90
26 94
26 98
27 30
27 31
27 35
27 39
27 43
27 47
27 50
27 51
27 55
27 59
27 63
27 67
27 71
27 75
27 79
27 82
27 87
27 91
27 95
27 99
28 32
28 36
28 39
28 40
28 44
28 48
28 52
28 56
28 60
28 64
28 72
28 80
28 84
28 88
28 92
28 96
29 37
29 41
29 43
29 45
29 49
29 51
29 53
29 57
29 59
29 61
29 65
29 66
29 68
29 69
29 72
29 73
29 77
29 80
29 81
29 85
29 87
29 89
29 93
30 34
30 38
30 42
30 46
30 50
30 54
30 57
30 58
30 62
30 66
30 68
30 70
30 74
30 77
30 78
30 82
30 84
30 86
30 90
30 94
30 98
31 35
31 39
31 43
31 51
31 55
31 57
31 63
31 67
31 71
31 75
31 79
31 83
31 87
31 90
31 91
32 36
32 37
32 40
32 44
32 48
32 56
32 60
32 61
32 64
32 67
32 68
32 72
32 76
32 80
32 81
32 84
32 88
32 92
32 96
33 37
33 41
33 49
33 53
33 57
33 61
33 65
33 73
33 77
33 85
33 88
33 93
33 95
33 97
34 38
34 42
34 44
34 45
34 46
34 50
34 54
34 55
34 58
34 60
34 66
34 70
34 73
34 74
34 78
34 82
34 86
34 90
34 91
34 94
34 98
35 36
35 39
35 43
35 44
35 48
35 51
35 55
35 59
35 63
35 67
35 68
35 69
35 71
35 72
35 75
35 79
35 83
35 87
35 95
35 99
36 40
36 42
36 44
36 48
36 49
36 52
36 56
36 60
36 62
36 64
36 68
36 72
36 73
36 76
36 80
36 84
36 92
36 96
37 45
37 49
37 53
37 57
37 61
37 65
37 69
37 74
37 77
37 81
37 85
37 89
37 93
37 97
38 41
38 42
38 50
38 53
38 54
38 58
38 62
38 70
38 74
38 77
38 78
38 82
38 84
38 86
38 87
38 90
38 94
38 98
39 43
39 47
39 51
39 55
39 59
39 63
39 64
39 67
39 71
39 73
39 75
39 79
39 82
39 83
39 84
39 88
39 91
39 95
40 44
40 46
40 48
40 51
40 52
40 54
40 56
40 57
40 60
40 61
40 64
40 68
40 72
40 76
40 80
40 84
40 88
40 90
40 91
40 92
41 45
41 48
41 49
41 53
41 57
41 61
41 64
41 65
41 69
41 70
41 73
41 74
41 81
41 85
41 89
41 93
41 97
41 99
42 45
42 46
42 50
42 53
42 54
42 58
42 62
42 66
42 70
42 78
42 82
42 86
42 89
42 94
42 98
43 47
43 53
43 55
43 59
43 63
43 68
43 71
43 75
43 79
43 83
43 87
43 91
43 95
44 47
44 48
44 52
44 54
44 56
44 60
44 64
44 67
44 76
44 79
44 80
44 84
44 88
44 92
44 96
44 99
45 48
45 49
45 51
45 53
45 57
45 61
45 65
45 69
45 73
45 75
45 77
45 80
45 81
45 86
45 89
45 93
45 97
46 50
46 54
46 58
46 62
46 66
46 67
46 70
46 74
46 78
46 82
46 84
46 86
46 90
46 94
46 98
47 51
47 53
47 59
47 63
47 67
47 71
47 75
47 79
47 83
47 87
47 89
47 91
47 95
48 52
48 54
48 56
48 60
48 64
48 68
48 72
48 74
48 76
48 80
48 84
48 88
48 93
48 96
49 52
49 53
49 57
49 61
49 65
49 69
49 75
49 77
49 80
49 81
49 88
49 89
49 97
50 51
50 54
50 58
50 62
50 66
50 70
50 74
50 76
50 78
50 79
50 82
50 90
50 94
50 98
51 52
51 59
51 61
51 62
51 63
51 67
51 71
51 75
51 79
51 83
51 87
51 90
51 91
51 95
51 99
52 56
52 60
52 62
52 64
52 68
52 72
52 76
52 78
52 81
52 88
52 90
52 92
52 96
52 99
53 61
53 65
53 66
53 69
53 72
53 73
53 75
53 77
53 81
53 85
53 89
53 97
53 99
54 58
54 60
54 62
54 66
54 70
54 71
54 74
54 78
54 82
54 86
54 90
54 94
54 98
55 57
55 59
55 60
55 63
55 67
55 71
55 72
55 75
55 79
55 83
55 87
55 91
55 95
55 99
56 60
56 64
56 68
56 72
56 76
56 77
56 80
56 84
56 88
56 90
56 96
57 61
57 65
57 69
57 73
57 77
57 85
57 89
57 93
57 97
58 62
58 63
58 66
58 70
58 74
58 78
58 82
58 86
58 88
58 90
58 94
58 98
59 63
59 67
59 71
59 75
59 79
59 81
59 87
59 90
59 91
59 95
59 98
59 99
60 61
60 64
60 68
60 70
60 72
60 76
60 80
60 82
60 84
60 88
60 90
60 92
60 94
60 96
61 65
61 69
61 73
61 77
61 81
61 85
61 89
61 97
62 66
62 67
62 74
62 75
62 78
62 82
62 86
62 90
62 94
62 96
62 98
63 67
63 71
63 75
63 76
63 83
63 84
63 87
63 91
63 94
63 95
63 99
64 68
64 70
64 72
64 73
64 76
64 80
64 84
64 88
64 92
64 97
64 99
65 69
65 73
65 77
65 78
65 85
65 89
65 93
65 94
65 97
66 74
66 77
66 78
66 81
66 86
66 90
66 91
66 94
66 98
67 69
67 74
67 75
67 79
67 80
67 87
67 91
67 95
67 99
68 72
68 74
68 76
68 80
68 84
68 88
68 92
68 96
69 70
69 73
69 77
69 79
69 81
69 83
69 85
69 89
69 90
69 93
69 97
70 78
70 82
70 86
70 90
70 94
70 98
71 72
71 75
71 79
71 83
71 84
71 86
71 87
71 91
71 95
72 76
72 84
72 88
72 89
72 92
72 96
72 99
73 81
73 85
73 89
73 92
73 93
74 78
74 82
74 85
74 86
74 90
74 94
75 79
75 82
75 83
75 86
75 88
75 92
75 94
75 95
75 97
75 99
76 79
76 80
76 84
76 88
76 91
76 92
76 94
76 95
76 96
77 80
77 81
77 85
77 93
77 97
77 99
78 82
78 86
78 89
78 90
78 94
78 98
79 83
79 87
79 91
79 95
79 98
79 99
80 84
80 89
80 92
80 96
81 84
81 85
81 88
81 89
81 92
81 93
81 97
82 86
82 90
82 94
82 95
82 98
83 87
83 91
83 93
83 99
84 88
84 92
84 95
84 96
84 98
85 89
85 91
85 93
86 90
86 96
86 98
87 91
87 92
87 95
88 92
88 96
89 93
89 94
89 97
90 92
90 94
90 98
91 95
91 99
92 96
93 97
93 98
95 99
