0 8
0 12
0 14
0 16
0 20
0 24
0 28
0 40
0 44
0 56
0 64
0 68
0 70
0 74
0 80
0 81
0 84
0 88
0 92
1 4
1 7
1 9
1 13
1 20
1 21
1 22
1 25
1 29
1 33
1 35
1 40
1 43
1 49
1 53
1 57
1 61
1 65
1 69
1 72
1 73
1 75
1 78
1 80
1 89
1 93
1 97
2 14
2 22
2 26
2 27
2 29
2 30
2 42
2 46
2 54
2 58
2 66
2 70
2 74
2 76
2 78
2 86
2 88
2 90
2 93
2 94
2 99
3 7
3 10
3 11
3 26
3 27
3 35
3 39
3 47
3 50
3 51
3 55
3 57
3 59
3 63
3 67
3 70
3 71
3 79
3 83
3 87
3 91
3 95
3 99
4 8
4 13
4 16
4 24
4 32
4 36
4 44
4 47
4 48
4 52
4 59
4 60
4 64
4 72
4 76
4 80
4 87
4 92
4 93
5 13
5 16
5 17
5 21
5 25
5 29
5 33
5 37
5 45
5 49
5 53
5 57
5 65
5 69
5 73
5 77
5 85
5 88
5 89
5 94
5 96
5 97
5 98
6 8
6 10
6 13
6 14
6 18
6 19
6 22
6 26
6 29
6 30
6 33
6 34
6 37
6 42
6 45
6 50
6 51
6 54
6 58
6 66
6 67
6 70
6 77
6 82
6 86
6 94
6 98
7 8
7 15
7 18
7 19
7 23
7 25
7 35
7 39
7 42
7 43
7 50
7 51
7 52
7 55
7 59
7 67
7 75
7 83
7 86
7 87
7 91
8 12
8 16
8 20
8 22
8 24
8 28
8 30
8 36
8 44
8 46
8 48
8 50
8 52
8 55
8 56
8 57
8 68
8 70
8 72
8 75
8 76
8 80
8 84
8 92
8 96
9 13
9 15
9 25
9 33
9 37
9 41
9 49
9 53
9 60
9 61
9 65
9 69
9 77
9 81
9 89
9 95
10 15
10 18
10 25
10 26
10 30
10 34
10 41
10 45
10 50
10 54
10 66
10 74
10 75
10 76
10 78
10 82
10 86
10 90
10 95
11 13
11 18
11 19
11 23
11 25
11 31
11 33
11 35
11 43
11 49
11 51
11 54
11 55
11 59
11 63
11 69
11 71
11 75
11 76
11 79
11 83
11 87
11 88
11 91
11 95
11 99
12 15
12 16
12 18
12 20
12 24
12 28
12 32
12 35
12 36
12 44
12 48
12 51
12 52
12 53
12 56
12 62
12 65
12 68
12 72
12 76
12 80
12 84
12 86
12 88
12 92
13 17
13 21
13 29
13 32
13 33
13 40
13 44
13 45
13 49
13 51
13 53
13 57
13 61
13 62
13 68
13 69
13 73
13 83
13 84
13 88
13 89
13 93
13 97
14 18
14 21
14 22
14 26
14 34
14 36
14 38
14 42
14 46
14 50
14 54
14 55
14 58
14 61
14 62
14 66
14 70
14 74
14 78
14 80
14 82
14 84
14 86
14 94
14 98
15 23
15 27
15 30
15 35
15 43
15 47
15 59
15 63
15 67
15 71
15 83
15 85
15 91
15 95
15 99
16 20
16 24
16 35
16 36
16 44
16 52
16 60
16 68
16 72
16 73
16 75
16 76
16 80
16 84
16 88
16 92
16 96
17 25
17 27
17 29
17 30
17 31
17 33
17 35
17 37
17 41
17 49
17 53
17 61
17 65
17 70
17 73
17 77
17 81
17 85
17 89
17 93
17 95
17 97
17 99
18 22
18 26
18 30
18 42
18 45
18 46
18 48
18 55
18 57
18 58
18 66
18 70
18 73
18 74
18 82
18 84
18 86
18 89
18 90
18 94
19 23
19 26
19 27
19 28
19 31
19 34
19 35
19 39
19 43
19 44
19 45
19 47
19 51
19 55
19 59
19 63
19 66
19 71
19 73
19 75
19 79
19 81
19 83
19 87
19 88
19 91
19 95
20 24
20 26
20 28
20 32
20 36
20 40
20 44
20 48
20 49
20 55
20 60
20 64
20 72
20 73
20 74
20 84
20 88
20 89
20 91
20 92
20 94
20 95
21 22
21 24
21 25
21 29
21 33
21 37
21 39
21 40
21 41
21 44
21 47
21 48
21 49
21 50
21 53
21 56
21 57
21 60
21 61
21 65
21 69
21 77
21 81
21 82
21 83
21 85
21 89
21 93
21 97
22 26
22 30
22 34
22 37
22 38
22 42
22 46
22 50
22 54
22 58
22 62
22 66
22 67
22 70
22 74
22 78
22 90
22 94
22 98
23 27
23 28
23 32
23 35
23 39
23 41
23 47
23 51
23 55
23 57
23 59
23 62
23 91
23 94
23 95
23 99
24 28
24 32
24 36
24 40
24 43
24 44
24 47
24 48
24 49
24 50
24 52
24 55
24 56
24 59
24 60
24 72
24 76
24 78
24 80
24 83
24 88
24 96
25 29
25 37
25 41
25 45
25 47
25 53
25 69
25 73
25 75
25 77
25 78
25 79
25 89
26 29
26 35
26 38
26 46
26 50
26 54
26 58
26 60
26 62
26 74
26 75
26 76
26 80
26 82
26 86
26 90
26 95
26 98
27 31
27 32
27 39
27 42
27 43
27 47
27 52
27 55
27 59
27 63
27 67
27 76
27 79
27 83
27 87
27 88
27 91
27 95
27 99
28 36
28 37
28 40
28 43
28 44
28 48
28 52
28 56
28 64
28 72
28 83
28 84
28 88
28 92
28 96
29 33
29 41
29 45
29 49
29 53
29 57
29 61
29 63
29 65
29 73
29 74
29 77
29 81
29 82
29 89
29 93
29 97
30 34
30 38
30 41
30 42
30 44
30 50
30 52
30 62
30 66
30 70
30 72
30 84
30 88
30 90
30 94
31 35
31 37
31 43
31 51
31 55
31 57
31 58
31 63
31 67
31 71
31 75
31 76
31 78
31 79
31 83
31 84
31 87
31 91
31 95
32 36
32 40
32 44
32 48
32 52
32 54
32 56
32 64
32 68
32 72
32 76
32 77
32 79
32 80
32 81
32 82
32 83
32 84
32 85
32 88
32 90
32 92
32 96
32 97
33 37
33 41
33 45
33 49
33 53
33 56
33 60
33 61
33 63
33 73
33 74
33 77
33 78
33 81
33 85
33 93
34 38
34 42
34 46
34 48
34 50
34 54
34 58
34 62
34 63
34 67
34 70
34 71
34 77
34 78
34 86
34 90
34 92
34 97
34 98
35 39
35 41
35 47
35 55
35 59
35 63
35 67
35 70
35 74
35 75
35 79
35 83
35 91
35 95
36 40
36 53
36 54
36 60
36 64
36 68
36 76
36 80
36 86
36 87
36 88
36 90
36 92
36 99
37 40
37 43
37 45
37 49
37 55
37 57
37 61
37 65
37 69
37 77
37 79
37 81
37 85
37 87
37 89
37 93
38 40
38 42
38 46
38 54
38 58
38 62
38 66
38 70
38 73
38 74
38 78
38 82
38 86
39 47
39 51
39 55
39 63
39 67
39 71
39 75
39 77
39 79
39 83
39 87
39 88
39 91
39 95
40 44
40 48
40 52
40 54
40 56
40 60
40 64
40 67
40 70
40 76
40 80
40 84
40 91
40 92
40 96
41 45
41 49
41 53
41 57
41 61
41 65
41 73
41 75
41 86
41 89
41 93
41 97
42 44
42 46
42 50
42 51
42 54
42 56
42 58
42 62
42 65
42 66
42 67
42 68
42 70
42 74
42 78
42 86
42 90
42 94
42 96
42 98
43 51
43 53
43 56
43 63
43 71
43 75
43 79
43 83
43 90
43 91
43 93
44 46
44 52
44 56
44 64
44 66
44 68
44 80
44 84
44 88
44 92
44 96
45 56
45 57
45 65
45 69
45 73
45 77
45 79
45 82
45 87
45 89
45 93
45 97
46 50
46 51
46 54
46 58
46 66
46 70
46 72
46 74
46 77
46 78
46 82
46 86
46 94
46 98
47 51
47 55
47 59
47 60
47 63
47 64
47 71
47 72
47 75
47 83
47 91
47 97
48 52
48 56
48 59
48 64
48 68
48 72
48 74
48 75
48 80
48 84
48 88
48 92
48 96
49 53
49 54
49 59
49 61
49 65
49 73
49 75
49 77
49 81
49 82
49 85
49 89
49 97
50 58
50 62
50 64
50 66
50 70
50 74
50 78
50 82
50 86
50 90
50 92
50 94
50 97
51 55
51 59
51 60
51 63
51 67
51 68
51 71
51 78
51 79
51 81
51 83
51 85
51 87
51 89
51 91
51 93
51 97
51 99
52 54
52 60
52 61
52 68
52 80
52 84
52 88
52 95
52 96
52 98
53 57
53 59
53 61
53 65
53 69
53 73
53 77
53 81
53 85
53 89
53 93
53 96
53 97
54 58
54 62
54 66
54 74
54 78
54 82
54 86
54 90
54 98
55 59
55 63
55 66
55 71
55 79
55 91
55 95
55 99
56 61
56 68
56 69
56 72
56 76
56 77
56 81
56 84
56 88
56 92
56 96
57 61
57 65
57 66
57 68
57 69
57 73
57 77
57 81
57 84
57 88
57 89
57 93
57 94
57 97
58 60
58 66
58 70
58 81
58 82
58 86
58 90
58 94
59 63
59 67
59 70
59 71
59 72
59 79
59 83
59 87
59 91
59 95
59 97
60 64
60 69
60 79
60 80
60 88
60 99
61 65
61 69
61 73
61 77
61 80
61 81
61 85
61 89
61 93
62 66
62 70
62 74
62 78
62 82
62 86
62 90
62 97
62 98
63 67
63 72
63 75
63 76
63 79
63 81
63 83
63 91
63 94
63 95
63 99
64 68
64 70
64 73
64 79
64 80
64 84
64 91
64 92
65 69
65 71
65 73
65 81
65 89
65 93
65 97
66 70
66 78
66 82
66 85
66 86
66 89
66 90
66 92
66 98
67 71
67 75
67 78
67 80
67 81
67 83
67 85
67 91
67 94
67 99
68 72
68 76
68 80
68 81
68 83
68 84
68 92
68 96
69 79
69 81
69 84
69 89
69 93
69 97
69 98
70 71
70 72
70 73
70 74
70 76
70 77
70 82
70 86
70 90
70 93
70 94
70 98
71 75
71 76
71 91
72 76
72 80
72 84
72 88
72 96
73 75
73 77
73 81
73 85
73 89
73 97
74 78
74 82
74 86
74 93
74 94
75 77
75 79
75 81
75 82
75 86
75 87
75 91
75 99
76 80
76 92
76 97
77 81
77 85
77 86
77 89
77 93
77 97
78 81
78 82
78 86
78 87
78 90
78 94
78 98
79 83
79 93
79 95
80 94
81 85
81 89
81 91
81 93
81 97
82 84
82 85
82 90
82 91
82 94
82 97
82 98
83 87
83 93
83 95
84 86
84 92
84 95
85 88
85 93
85 97
85 99
86 88
86 91
86 94
87 91
87 95
87 98
87 99
88 92
88 99
89 97
89 99
90 91
90 94
90 98
91 95
91 99
92 99
93 99
94 98
95 96
97 99
