0 4
0 8
0 12
0 16
0 28
0 33
0 36
0 40
0 44
0 60
0 64
0 75
0 76
0 77
0 80
0 81
0 82
0 88
0 90
0 96
1 5
1 8
1 26
1 29
1 37
1 38
1 43
1 45
1 56
1 61
1 62
1 65
1 66
1 69
1 77
1 81
1 82
1 86
1 89
1 93
2 4
2 5
2 6
2 10
2 12
2 14
2 18
2 19
2 30
2 31
2 34
2 38
2 39
2 47
2 54
2 58
2 66
2 76
2 78
2 80
2 82
2 83
2 90
2 98
3 7
3 15
3 16
3 19
3 27
3 32
3 35
3 51
3 55
3 63
3 68
3 71
3 75
3 83
3 97
4 8
4 15
4 16
4 22
4 24
4 28
4 36
4 43
4 44
4 46
4 48
4 60
4 68
4 76
4 78
4 80
4 82
4 92
4 95
4 96
4 98
5 6
5 7
5 17
5 18
5 25
5 32
5 33
5 37
5 45
5 56
5 57
5 58
5 63
5 69
5 73
5 77
5 83
5 85
5 93
5 98
5 99
6 14
6 18
6 22
6 26
6 30
6 34
6 36
6 52
6 54
6 58
6 62
6 63
6 65
6 72
6 73
6 74
6 78
6 81
6 82
6 89
6 94
7 8
7 9
7 11
7 13
7 15
7 19
7 23
7 39
7 41
7 43
7 47
7 51
7 63
7 66
7 67
7 71
7 75
7 79
7 99
8 13
8 20
8 24
8 27
8 28
8 30
8 41
8 43
8 48
8 50
8 56
8 60
8 64
8 66
8 72
8 75
8 80
8 86
8 88
8 91
8 92
8 96
9 17
9 25
9 28
9 29
9 31
9 33
9 37
9 40
9 41
9 52
9 53
9 57
9 58
9 65
9 72
9 73
9 77
9 81
9 89
9 90
10 18
10 21
10 22
10 30
10 34
10 42
10 46
10 55
10 58
10 60
10 62
10 66
10 73
10 76
10 80
10 90
10 94
11 24
11 26
11 27
11 30
11 31
11 35
11 43
11 47
11 51
11 55
11 63
11 71
11 75
11 77
11 79
11 87
11 95
11 97
11 99
12 16
12 20
12 24
12 28
12 30
12 34
12 36
12 40
12 52
12 56
12 61
12 63
12 64
12 68
12 76
12 83
12 84
12 88
12 92
12 96
13 17
13 31
13 32
13 36
13 38
13 41
13 46
13 49
13 53
13 61
13 77
13 81
13 85
13 89
13 93
13 97
13 98
14 15
14 18
14 23
14 26
14 30
14 34
14 38
14 44
14 45
14 46
14 58
14 60
14 61
14 62
14 66
14 70
14 74
14 78
14 84
14 86
14 90
14 98
15 23
15 27
15 31
15 35
15 39
15 42
15 43
15 55
15 59
15 63
15 67
15 75
15 91
15 93
15 99
16 20
16 26
16 28
16 32
16 33
16 36
16 42
16 44
16 45
16 48
16 49
16 57
16 60
16 64
16 75
16 76
16 80
16 84
16 88
16 92
16 96
17 18
17 25
17 29
17 33
17 37
17 45
17 53
17 61
17 69
17 77
17 81
17 85
17 89
17 95
17 97
18 22
18 24
18 26
18 30
18 34
18 38
18 41
18 42
18 54
18 56
18 58
18 62
18 72
18 74
18 75
18 86
18 87
18 90
18 95
19 22
19 23
19 24
19 26
19 31
19 33
19 39
19 47
19 55
19 58
19 63
19 70
19 76
19 79
19 83
19 87
19 91
19 92
20 24
20 32
20 33
20 36
20 44
20 52
20 56
20 57
20 65
20 72
20 76
20 80
20 85
20 88
21 29
21 33
21 40
21 41
21 45
21 53
21 61
21 65
21 77
21 81
21 92
21 93
22 25
22 26
22 34
22 38
22 42
22 46
22 67
22 69
22 74
22 86
22 90
22 94
23 25
23 27
23 31
23 35
23 51
23 55
23 59
23 62
23 63
23 65
23 66
23 67
23 74
23 75
23 83
23 87
23 91
23 94
23 95
23 99
24 25
24 32
24 35
24 36
24 40
24 43
24 46
24 52
24 56
24 62
24 68
24 71
24 76
24 88
24 89
24 92
24 93
25 37
25 41
25 45
25 48
25 53
25 57
25 61
25 62
25 63
25 65
25 69
25 73
25 77
25 81
25 89
25 91
25 93
25 97
26 31
26 34
26 45
26 46
26 48
26 53
26 66
26 70
26 75
26 78
26 84
26 94
26 95
26 98
27 35
27 39
27 43
27 47
27 51
27 55
27 57
27 59
27 67
27 68
27 79
27 87
27 91
27 99
28 36
28 48
28 60
28 64
28 80
28 84
28 88
28 96
29 30
29 33
29 35
29 37
29 39
29 41
29 49
29 53
29 54
29 61
29 68
29 69
29 77
29 80
29 81
29 83
29 89
29 93
30 34
30 38
30 40
30 46
30 50
30 53
30 58
30 66
30 68
30 78
30 94
30 98
31 36
31 37
31 43
31 51
31 55
31 67
31 71
31 75
31 76
31 79
31 82
31 83
31 86
31 91
31 93
31 94
31 99
32 35
32 36
32 43
32 44
32 48
32 49
32 50
32 51
32 53
32 55
32 56
32 60
32 63
32 64
32 65
32 68
32 71
32 72
32 76
32 80
32 85
32 88
32 91
32 93
32 96
33 37
33 41
33 45
33 49
33 62
33 65
33 69
33 70
33 73
33 77
33 81
33 85
33 89
33 97
34 38
34 42
34 50
34 53
34 54
34 60
34 66
34 69
34 78
34 82
34 83
34 86
34 90
34 94
34 98
35 49
35 51
35 54
35 55
35 56
35 59
35 63
35 67
35 75
35 79
35 83
35 87
35 88
35 89
35 95
35 99
36 40
36 42
36 44
36 52
36 56
36 68
36 76
36 78
36 79
36 80
36 86
36 95
37 45
37 49
37 52
37 57
37 58
37 61
37 62
37 65
37 69
37 73
37 79
37 81
37 85
37 93
38 42
38 48
38 50
38 51
38 66
38 70
38 74
38 79
38 82
38 94
38 96
38 98
39 43
39 51
39 53
39 55
39 59
39 63
39 71
39 87
39 91
39 99
40 46
40 52
40 55
40 60
40 64
40 68
40 75
40 80
40 82
40 88
40 96
41 47
41 49
41 57
41 65
41 69
41 73
41 85
42 44
42 47
42 50
42 58
42 66
42 69
42 70
42 74
42 80
42 86
42 90
42 94
42 96
42 98
43 46
43 47
43 49
43 51
43 59
43 63
43 71
43 76
43 79
43 85
43 86
43 87
43 95
44 45
44 52
44 56
44 59
44 60
44 64
44 68
44 72
44 76
44 78
44 80
44 84
44 86
44 88
44 96
45 49
45 53
45 57
45 59
45 61
45 74
45 77
45 81
46 53
46 55
46 56
46 58
46 62
46 66
46 70
46 79
46 81
46 82
46 90
46 94
46 97
47 51
47 59
47 60
47 62
47 67
47 75
47 79
47 83
47 91
47 96
47 99
48 51
48 52
48 58
48 60
48 66
48 76
48 90
48 92
49 53
49 69
49 71
49 74
49 77
49 81
49 85
49 93
49 96
49 97
50 53
50 54
50 58
50 62
50 70
50 78
50 82
50 84
50 90
50 98
51 55
51 57
51 63
51 67
51 71
51 73
51 83
51 86
51 87
51 92
51 95
52 56
52 68
52 69
52 75
52 76
52 77
52 80
52 84
52 88
52 90
52 92
52 99
53 63
53 68
53 73
53 81
53 82
53 85
53 89
53 97
54 55
54 58
54 62
54 78
54 86
54 94
54 98
55 59
55 63
55 69
55 77
55 79
55 81
55 82
55 83
55 86
55 91
55 95
55 99
56 60
56 62
56 64
56 68
56 71
56 72
56 80
56 88
56 92
56 96
57 60
57 67
57 69
57 81
57 85
57 89
57 94
58 62
58 66
58 70
58 81
58 82
58 86
58 87
58 90
58 94
58 98
59 61
59 63
59 68
59 71
59 75
59 83
59 84
59 89
59 94
59 96
59 97
59 99
60 68
60 72
60 76
60 80
60 90
60 92
60 96
60 98
61 65
61 69
61 71
61 73
61 77
61 78
61 81
61 82
61 85
61 89
61 93
61 97
62 66
62 68
62 74
62 80
62 82
62 84
62 97
62 98
63 67
63 72
63 75
63 78
63 79
63 83
63 89
63 91
63 95
64 68
64 76
64 79
64 87
64 92
65 69
65 73
65 74
65 77
65 81
65 89
65 90
65 93
65 97
66 71
66 74
66 78
66 86
66 90
66 94
66 98
67 71
67 73
67 79
67 83
67 91
67 96
67 98
67 99
68 72
68 73
68 77
68 80
68 86
68 96
69 77
69 81
69 97
70 78
70 82
70 94
70 96
71 75
71 76
71 79
71 83
71 87
71 91
71 98
71 99
72 76
72 80
72 92
72 94
73 85
73 89
73 90
73 97
74 86
74 98
75 91
76 79
76 83
76 84
76 90
76 96
76 97
76 99
77 81
77 90
78 81
78 82
78 94
79 83
79 87
79 91
79 94
79 99
80 84
80 94
80 96
80 98
81 89
81 93
81 94
82 92
82 94
82 98
83 95
83 99
84 88
84 91
84 96
85 87
85 89
85 93
85 96
85 97
86 94
86 98
87 91
87 93
87 99
88 92
88 96
89 97
89 99
90 94
91 93
91 94
91 95
91 99
92 96
93 95
93 96
93 97
94 98
95 97
